-5.525441239348102829e-02,8.132711908292875602e-01
-3.203407707330586246e-02,8.250248480041361132e-01
-5.314829056830439741e-03,8.039149009008017543e-01
6.483342226873342606e-04,8.170609095243483999e-01
2.715747093088351563e-02,8.129297744564359940e-01
7.943577956926237138e-02,8.217552899830783408e-01
-5.911143663359214040e-02,7.866627472144098743e-01
-5.353632913476804450e-02,8.313383166614869424e-01
-2.927390502405048320e-02,8.188289670986588220e-01
-6.154684719262990857e-03,8.099059897546960762e-01
1.919167529448428944e-02,8.046387019468073110e-01
5.817405288595355051e-02,8.203421037371961821e-01
5.578249454790219775e-02,7.880816556162849595e-01
7.599079485354896801e-02,8.354217698775603385e-01
-9.049366445830213379e-02,8.109506247345777963e-01
-6.636548044170920146e-02,8.196447828162443106e-01
-4.490436990583902832e-02,8.298487394287855645e-01
5.098515836092688824e-02,8.101784299177513526e-01
7.684558752816528227e-02,8.097128127273722775e-01
9.627557821999094267e-02,8.180281118592858114e-01
-1.292272597624896380e-01,8.085828022918445379e-01
-9.920258276263027586e-02,8.083184927559450283e-01
-8.252296480033863291e-02,8.015507948310243158e-01
1.018041821841276645e-01,8.181481485930330866e-01
1.376092311598748619e-01,8.228591940141165573e-01
-1.340131581117260662e-01,7.985705494509910407e-01
-1.048546451922239831e-01,7.835813106248925575e-01
9.392003316028307847e-02,7.944525425637508631e-01
1.336639538327846211e-01,8.023464749631240567e-01
-1.501376130906364736e-01,8.149603540231131760e-01
-1.284873228115101795e-01,7.920162114538592535e-01
1.266902448922783420e-01,8.022743803234776427e-01
1.528943206134710520e-01,8.096455689442683124e-01
-1.631230423996964662e-01,8.088749718180012760e-01
-1.245674015869431689e-01,8.041605342937550027e-01
1.402612050719785064e-01,8.033035615101793425e-01
-1.816748362623266944e-01,7.995439332090388262e-01
-1.569928048780626362e-01,8.009312681832663205e-01
1.462475776202400990e-01,8.050525386962050778e-01
1.733704783772928582e-01,8.025404173144222719e-01
-1.845939535346777516e-01,7.998939881780285921e-01
1.820339632962893750e-01,7.922407356729342931e-01
1.838047425137691870e-01,8.117788301123538552e-01
-1.695361066472602096e-01,7.957998080483756898e-01
1.902128301995519299e-01,8.162160944249878813e-01
-2.165461528698614246e-01,7.935978763152644611e-01
-1.758860981350375274e-01,7.857702389999281500e-01
2.085327668385337507e-01,7.875856474818597741e-01
-1.931610557448206200e-01,7.979123682136917139e-01
2.190950632779011531e-01,7.747735725403090967e-01
-2.130698298224620590e-01,8.083222151961648727e-01
-1.889202463356421946e-01,7.828811672747993944e-01
2.044997129719459406e-01,8.025780536534207199e-01
-2.038722547888637548e-01,7.818977534893342130e-01
2.319843209196696676e-01,7.982231748699701868e-01
-2.245452378888844469e-01,7.880318963640943197e-01
2.589876589933260420e-01,7.704773764232137889e-01
-2.308524432719121777e-01,7.851585969719226954e-01
2.413840997385485188e-01,7.877613530091885918e-01
-2.387302446298928127e-01,7.842012632855098753e-01
2.580131285091748494e-01,7.873009381727887890e-01
-2.522423429463293565e-01,7.641106712578008553e-01
2.590941944625094751e-01,7.773280947848429934e-01
-2.473364816162119950e-01,7.857004105038061237e-01
-2.786656502250777212e-01,7.595412080278841627e-01
2.688586989769125579e-01,7.706475550912763595e-01
-2.782055201862608240e-01,7.613665250194825429e-01
2.680407549818535351e-01,7.603908826569376611e-01
-2.767935366368461381e-01,7.657087982888703959e-01
3.062385037440858992e-01,7.608228287872171869e-01
2.860494388799050269e-01,7.665664422971537606e-01
-3.035544081094005975e-01,7.622369805739814819e-01
2.888780960234929585e-01,7.356971672355667735e-01
2.986087622470065539e-01,7.471740076182383783e-01
-3.137556793392026200e-01,7.632234746555095484e-01
2.959107568705572344e-01,7.677168499331702423e-01
3.222153411089572761e-01,7.491026639258179243e-01
-3.178756597570948639e-01,7.612997696792217495e-01
-3.463601715474423082e-01,7.459378220058962006e-01
-3.314855391889547365e-01,7.212398283496902485e-01
-3.421140793504077182e-01,7.441365461403109949e-01
3.525777793912985847e-01,7.412865679172042643e-01
-3.382672417679751242e-01,7.337520695132089266e-01
-3.454518476931909832e-01,7.313626555071008895e-01
3.530565920361051213e-01,7.318520874286222888e-01
3.754368565989638640e-01,7.514600829699190632e-01
-3.580175531388620214e-01,7.355711937770288422e-01
-3.816781103449273238e-01,7.406698009121426285e-01
3.650421068305862993e-01,7.355466147691812617e-01
3.788739692146607108e-01,7.118842964453080402e-01
-3.723430444348592716e-01,7.167718715500551729e-01
-3.931276782094222932e-01,7.310669770177898874e-01
3.867756357347598151e-01,7.339368805719682642e-01
-3.806150255372507396e-01,7.193899783514398072e-01
-4.175142321785693666e-01,7.423431858182270027e-01
4.138552273115665980e-01,7.321342295095669694e-01
3.967980922474499961e-01,7.150536527715937174e-01
-4.008259501299841765e-01,6.997730649594876562e-01
-4.226022417801640341e-01,7.197099526243387890e-01
4.214202720093020993e-01,7.304300291758956121e-01
4.209337290050298441e-01,7.291075279219338956e-01
-4.077310296110024379e-01,7.140342642272996532e-01
-4.132879621856022090e-01,7.001607905903158846e-01
4.352192943118919910e-01,6.998915234725150425e-01
4.264381243057208670e-01,7.298932880503707921e-01
-4.340047662548165430e-01,7.182407395888130708e-01
-4.488214806814617708e-01,6.890395959350671395e-01
4.491195184632105764e-01,6.871301245187997342e-01
4.123796498315561720e-01,6.958166273837347315e-01
-4.560101271781227261e-01,6.787034998329498636e-01
-4.571443113248526147e-01,7.069473716890064541e-01
-4.523338081388074694e-01,6.650268717876034463e-01
4.543897757031688522e-01,6.586384646891408901e-01
4.441399437828938979e-01,6.879685717403769551e-01
4.442759097451614014e-01,6.987629831153967519e-01
-4.493668131629820484e-01,6.590016629903631129e-01
-4.661456984002165793e-01,6.452325024389125030e-01
-4.634527052132668135e-01,6.662655302522634271e-01
-4.608351229406225102e-01,6.868664656513081557e-01
5.013827256064989912e-01,6.699718961504429471e-01
4.855381250675191995e-01,6.570170708957296934e-01
4.830871859655404554e-01,6.742684397426977894e-01
4.855012450517345313e-01,6.624945303630664917e-01
4.807961296891551939e-01,6.590823288161941074e-01
4.847236257505225243e-01,6.585935442091905845e-01
4.879850103112807758e-01,6.512881650782904597e-01
5.022546909095106926e-01,6.543033626030367866e-01
4.964382250758322401e-01,6.481692512032082298e-01
4.937889937671257057e-01,6.333396918697480338e-01
4.977152561136162223e-01,6.431297798322127557e-01
5.093739138919517462e-01,6.541046932747253129e-01
5.175184110827720785e-01,6.331073015685877436e-01
5.089241915284079543e-01,6.425132533780201216e-01
5.191613808369818228e-01,6.456313820782683122e-01
5.378975650893624838e-01,5.980566979266712657e-01
5.258798332510165041e-01,6.546092550457800474e-01
5.057126011013055589e-01,6.349144803549430227e-01
5.317659251502784290e-01,6.239392985324839769e-01
-5.348220711247630987e-01,6.123124524440556327e-01
-5.235408562909342756e-01,6.009788516516730850e-01
-5.304170735142877957e-01,6.254015440844098439e-01
-5.190974833653773102e-01,6.379782439905797853e-01
-5.499446076198689637e-01,6.063207802320206286e-01
-5.512559365783418208e-01,6.204021939259423135e-01
-5.633631614797108833e-01,6.196221599612068420e-01
-5.442924513334410630e-01,5.890852779196343869e-01
5.551134921582405735e-01,6.078026540519003706e-01
5.730093895721150021e-01,6.236150193181465573e-01
5.532354444308626995e-01,6.073644265804264419e-01
5.769878318763242975e-01,5.841664045657810611e-01
5.715110724065121106e-01,6.072413287348810140e-01
-4.203475430473575108e-02,6.063768822069705022e-01
1.069163037911938924e-04,5.961247492059467135e-01
2.001523217235024084e-03,5.866251856225787042e-01
2.258556371964659179e-02,6.093645062034553916e-01
5.577778044963194182e-01,6.030208450557003053e-01
-6.486833597967471554e-02,5.853355185721723641e-01
-2.850773500019425366e-02,5.799118728511196696e-01
-2.024014847994806340e-02,6.002665177275470221e-01
-4.994139149886615142e-03,5.976923244743359565e-01
2.488751814843736393e-02,5.891796260720825185e-01
4.452396415415477843e-02,5.864165761367565732e-01
8.016459398367217770e-02,5.729971132040638793e-01
-5.753454332289158479e-01,6.019122052477337004e-01
-5.879238636815940083e-02,5.914401240254837377e-01
-3.424354206174753945e-02,5.843323842027665638e-01
-1.736079485221187976e-02,5.861288296337436865e-01
6.017193096591565149e-02,5.986425243700415066e-01
4.877428407040211578e-02,5.990648223224305235e-01
9.755596420203817287e-02,5.829523129321327879e-01
-1.031636299377336058e-01,6.017601166651228572e-01
-6.380036793582352650e-02,5.721284319971251531e-01
-5.940457973648415047e-02,5.647593668136952072e-01
8.470858758921852305e-02,5.721583467302556736e-01
9.350126832147265254e-02,5.847402870008783227e-01
-5.661414071288172201e-01,5.948341232783105337e-01
-9.025717578569934785e-02,5.519199575048272521e-01
7.639770709335094723e-02,5.829835490198164161e-01
9.225781031240995467e-02,5.803157119975700384e-01
5.988412667581971549e-01,5.875134054747145340e-01
-1.202014277041822954e-01,5.772299641999022457e-01
-8.132670091371820009e-02,5.865272832074200915e-01
1.046487036419721239e-01,5.852112732705383458e-01
1.342365793888472547e-01,5.617592243257785167e-01
-1.364981225726565883e-01,5.886867460684097608e-01
-1.047583242671903947e-01,5.474594578236435805e-01
1.216147937618234226e-01,5.907094678391547893e-01
5.724360674081644396e-01,5.914967244063707996e-01
-1.526414922338501790e-01,5.601857833198278236e-01
-1.149651744858748020e-01,5.896193654160343245e-01
1.353045455635030203e-01,5.822722247677055707e-01
5.868777525456215782e-01,5.683667720608974738e-01
-1.534392563773397111e-01,5.643044067008237130e-01
1.510088371790253570e-01,5.730398658022083369e-01
5.779428905655407123e-01,5.820791460254459704e-01
-1.713872860584703950e-01,5.814640922842458926e-01
-1.376031009810714800e-01,5.947096705060183064e-01
1.713901834382113853e-01,5.464024844959224358e-01
-5.858464419484938901e-01,5.675131012955472176e-01
-1.634448994099833019e-01,5.630817892859097951e-01
1.664510972288355262e-01,5.728287305973701615e-01
-6.058631595298262784e-01,5.683090754631090480e-01
-1.862085231577292610e-01,5.745115876558354318e-01
1.640272416453185667e-01,5.725217432480469437e-01
6.275877728773647801e-01,5.580520613962057785e-01
-1.864024467595770951e-01,5.742918300963546496e-01
1.798669626368665231e-01,5.593739340997249121e-01
6.093351833305544751e-01,5.601216733087628352e-01
-1.788815111422522863e-01,5.607467958848347811e-01
1.934307108114908802e-01,5.336626336834082718e-01
5.942409659115581722e-01,5.772996621278745355e-01
-1.978367445617703890e-01,5.411546439530915409e-01
2.113637031862448945e-01,5.603566518300248100e-01
6.053343220264021385e-01,5.687500932941650378e-01
-2.193526208101772845e-01,5.534616528893022691e-01
2.117189905006187367e-01,5.615818231837731433e-01
6.178948080030947088e-01,5.567934143948206627e-01
-2.308122686300003445e-01,5.614791193435542116e-01
2.122508618679764258e-01,5.485163598587133871e-01
-5.959426254206573459e-01,5.497353977978176598e-01
-2.176571637060478182e-01,5.452152041628486323e-01
2.192480163777993929e-01,5.429284381674823745e-01
-5.943557154776204499e-01,5.222301085290650402e-01
2.010665750508360272e-01,5.517059281489861133e-01
6.101952934644384596e-01,5.401153646934193642e-01
-2.350967876298842019e-01,5.648576522145588585e-01
2.246499319755510815e-01,5.400677539364466817e-01
-6.165877181329616485e-01,5.346718637302010357e-01
2.379287242373968603e-01,5.407489084577399296e-01
6.240457800483540929e-01,5.692388480860880451e-01
-2.344731196383448291e-01,5.433273296452145740e-01
6.043748805803667024e-01,5.446525185253580092e-01
-2.454008600312598820e-01,5.218524327436422361e-01
2.436585472435702782e-01,5.726544246942975036e-01
-6.182739670242336505e-01,5.136962676381346959e-01
2.592296473771915633e-01,5.310056005857985983e-01
-6.115162274884193838e-01,5.343515230645118352e-01
-2.437323614256708404e-01,5.587479335183704876e-01
6.391713315578729793e-01,5.234481151961281054e-01
-2.625550266734755223e-01,5.270350950450147787e-01
2.691700948391061443e-01,5.204635285637025932e-01
-2.794923317430656473e-01,5.157730197401982908e-01
2.650546507062127577e-01,5.235880592392749833e-01
-6.151815394617690114e-01,5.304715930572599936e-01
2.640123994657538331e-01,5.313932674587376059e-01
-6.168930658013680457e-01,5.329575572616763735e-01
2.948377939359443367e-01,5.241342189647181238e-01
-6.518248461112626790e-01,5.329763379264458312e-01
2.559008225411209536e-01,5.129145970745557781e-01
6.442715035503222554e-01,5.209039467049630945e-01
-2.786238092784598663e-01,5.411461063694527063e-01
6.305790263977745225e-01,5.375491837882406809e-01
-2.575287266399340358e-01,5.327767364077008461e-01
6.540043335772017796e-01,5.165177869674733024e-01
-2.801430433528070973e-01,5.236927734365929288e-01
-6.384648843771665305e-01,5.133416699910881009e-01
3.044857626679408624e-01,5.125526601397145665e-01
-6.519401327834821736e-01,4.978708530838412694e-01
2.996587152472924287e-01,5.295670554524225526e-01
-3.086374655177276383e-01,5.104043792364242327e-01
6.466334178226977869e-01,5.043124261813954901e-01
-3.197297403564189899e-01,5.109740317926844133e-01
6.724375446163903813e-01,4.910554167725676988e-01
-3.176577436340523031e-01,5.110691285993842481e-01
-6.495188166088911030e-01,4.985216512544422551e-01
3.163607517129037316e-01,5.128481011445753524e-01
-6.515269171129564052e-01,4.993816563209761972e-01
3.298026090368770258e-01,4.844222616848588014e-01
-3.241314730274106881e-01,4.777555986434052770e-01
6.626264765745621954e-01,4.962491244185288641e-01
-3.481193012127598019e-01,4.783282970394235334e-01
6.526785950844297135e-01,4.936907190418169389e-01
-3.226132849748607478e-01,4.738778175774966406e-01
-6.737157199563916787e-01,4.773871510406816898e-01
3.395851542468304451e-01,4.792669230045614737e-01
-6.544340682950675614e-01,4.962872482538855379e-01
3.445868941772201044e-01,4.691541388376200272e-01
-6.476060190439378861e-01,5.029174091500091537e-01
3.563040527044771255e-01,4.809610756397881826e-01
-6.482355439100057071e-01,4.893981269619650520e-01
3.543646774831045732e-01,4.866330894610023661e-01
-6.574851084309891736e-01,4.650036643992899177e-01
3.534693159566538734e-01,4.591499684104296541e-01
-3.495478762111147719e-01,4.472130976715240624e-01
3.619634633208171359e-01,4.925790427454515008e-01
-6.719957235739447698e-01,4.715569818731716878e-01
3.635171602915411859e-01,4.603017172634595311e-01
-3.576866817186869496e-01,4.468470943086967906e-01
3.736259453520617835e-01,4.703596961025992562e-01
-3.736234893693495818e-01,4.809762836152087218e-01
6.738655990833312126e-01,4.928804221939661612e-01
-3.627535032884578459e-01,4.397765262476368564e-01
6.925946219188102715e-01,4.863002374710747033e-01
-3.724782553809632413e-01,4.591864813491612352e-01
6.911769316543583397e-01,4.579425879037203884e-01
-3.646261859457511356e-01,4.391402780387114180e-01
6.730633218998072209e-01,4.706827049375555960e-01
-3.575306894469079122e-01,4.460105104241493534e-01
6.969205042856086996e-01,4.709207944049444983e-01
-3.618405576166507376e-01,4.477606835240426908e-01
-7.031904254835945611e-01,4.681059083264639264e-01
3.886725932578165565e-01,4.340565907195476636e-01
-6.808380320606446379e-01,4.489578544076417987e-01
3.746552513123367345e-01,4.526542627480861780e-01
-6.958569590885640421e-01,4.491277189122256930e-01
4.038830816025996695e-01,4.530014861335562304e-01
-6.683591307383801583e-01,4.416425897795697719e-01
3.798699305532375892e-01,4.584936045342055122e-01
-4.223476004739872836e-01,4.245301213691135001e-01
4.094591226063571954e-01,4.364757477593075308e-01
-3.933865622754922353e-01,4.407473611063869035e-01
7.137359774295874981e-01,4.328614697318429183e-01
-4.025426464872948196e-01,4.267618364241076434e-01
7.119535597297678153e-01,4.231041813136535157e-01
-4.055645181169463820e-01,4.492880449852525437e-01
-7.022508010744000773e-01,4.445507134072583244e-01
4.004387039915199842e-01,4.257381199280887429e-01
-7.133003554224207621e-01,4.089154627563527100e-01
4.158424248170458082e-01,4.358516470374137475e-01
-6.975266475809668298e-01,4.245536687703080347e-01
4.058332475115064009e-01,4.442014796039907010e-01
-4.193567340058889648e-01,4.257687904243375732e-01
7.081211368588874455e-01,4.240814521415426364e-01
-4.144861585506346979e-01,4.165578536631711626e-01
-6.940964650900839361e-01,4.043720117462336616e-01
4.407826929645769498e-01,4.217684549081503476e-01
-7.017656919414861916e-01,4.147954283991051594e-01
4.426370250814491980e-01,4.012066996078035297e-01
-4.361686828199257127e-01,4.040199129173149273e-01
7.103457715894767599e-01,4.051602817624720410e-01
-4.340846433072441113e-01,4.074272480689966058e-01
7.115413203818475862e-01,4.100012246976669772e-01
-4.161023278115408286e-01,4.196994230913918544e-01
-7.161823165234942890e-01,3.949959865379608082e-01
4.526269531192272932e-01,4.009513243063817511e-01
-4.134479647562508409e-01,4.249247200060114471e-01
7.180905113125376493e-01,3.772907023633135237e-01
-4.428894536596902354e-01,3.671192985865859848e-01
7.421699589723128598e-01,3.979380627641490586e-01
4.318817320612655664e-01,3.980071107603029290e-01
-7.330609714256599574e-01,3.838209610595172960e-01
4.426024313035691327e-01,3.747668341083162380e-01
-4.419256829272492082e-01,3.807153746278426065e-01
7.174639400501565678e-01,4.035076335144863191e-01
-4.334398509709586622e-01,3.988807360982882244e-01
-7.195924366121257965e-01,3.757080605507885362e-01
4.558924818969737336e-01,3.685039922516420430e-01
-4.564833242713500217e-01,3.942825702502368856e-01
7.387951183675035560e-01,3.824249496293931072e-01
4.428602268007404419e-01,3.846439755075402589e-01
-7.244286651677823707e-01,3.943299634843305812e-01
4.555276072902592621e-01,3.720754705453008793e-01
-4.671896570658332637e-01,3.655284599074835605e-01
7.437589495306774490e-01,3.736162821055776795e-01
-5.104625975262340465e-02,3.524249041667842364e-01
-1.460600738907949850e-03,4.019226133320411565e-01
3.949345156649661931e-02,3.802485548474845434e-01
4.694701220118147611e-01,3.866703543570585433e-01
-4.632288321395565678e-01,3.850774891992939652e-01
-2.832078772804933614e-02,3.650922393292276302e-01
-1.396505645149758237e-02,3.673939301037992822e-01
2.063293938702855795e-02,3.866471371775069277e-01
3.815965896109183714e-02,3.682778440637894390e-01
4.653164573366066481e-01,3.587880823643345152e-01
-4.745536301391927725e-01,3.401054702033681210e-01
-4.907021200509288639e-02,3.813554780432613645e-01
-2.602589303847239674e-02,3.501657280045958331e-01
-2.800763133234589544e-04,3.714116856673927436e-01
8.250909250907902809e-03,3.827470649247663448e-01
2.645061785772968160e-02,3.725262273051013762e-01
7.033492294309370840e-02,3.813620915531839017e-01
7.421275916610095003e-01,3.693625619106610802e-01
-4.746462688197687907e-01,3.427401015228482839e-01
-5.421809082084107223e-02,3.491994872295855479e-01
4.896749516463471535e-02,3.693281541032855664e-01
8.731797705469693249e-02,3.498059699444807658e-01
4.916660130075818924e-01,3.683628992330260088e-01
-4.805022383242486539e-01,3.546475126221332319e-01
-6.912740256897015323e-02,3.600851918333627943e-01
6.565281629786159923e-02,3.611992743193140898e-01
9.858004176111799521e-02,3.550796187194327214e-01
7.476887196097423693e-01,3.528958428178674001e-01
-1.077660264763348752e-01,3.503838677049150863e-01
-9.314853223760458101e-02,3.673939858276170645e-01
1.040014914699068926e-01,3.656910710577433998e-01
4.645818268493518421e-01,3.655234025976544787e-01
-4.726517146705864203e-01,3.596319802380213426e-01
-8.699413223857636879e-02,3.432034805016418444e-01
7.451254122604397678e-02,3.408856799292748763e-01
4.634240879219497788e-01,3.673667769182707987e-01
-4.657561130389822335e-01,3.601087058462705270e-01
-1.070028873636160172e-01,3.642748371911365135e-01
1.129057650911882427e-01,3.485771654928751517e-01
7.451369252918111918e-01,3.507994608534350522e-01
-4.537946012310976607e-01,3.616658590839728626e-01
-1.055278987620927450e-01,3.396542658014579663e-01
1.341453024471312705e-01,3.628295610976080554e-01
-7.398241127374167725e-01,3.482618659945372341e-01
-1.224277879615889991e-01,3.609699417384089060e-01
1.293439340198436760e-01,3.412006410063994633e-01
4.784918269836975213e-01,3.452214084908010738e-01
-4.870895093500103301e-01,3.333248854625278645e-01
-1.077964309088331185e-01,3.518083922535229502e-01
1.313279310507105835e-01,3.548715846085807035e-01
-7.502162602800589442e-01,3.373350499309130668e-01
-1.379135969800295847e-01,3.569088145329942230e-01
1.359203366732396334e-01,3.489446701147798091e-01
5.056622309294437345e-01,3.505524746145211035e-01
-4.729898777349312855e-01,3.439988401825383457e-01
-1.326503085525128356e-01,3.444816213569446006e-01
4.857113975576082265e-01,3.351334988602949205e-01
-4.834691132584394424e-01,3.545162163701537361e-01
-1.272723740020224592e-01,3.317429499967640139e-01
4.760401974092094424e-01,3.473686987503742385e-01
-7.325603000921245833e-01,3.297957836988077429e-01
-1.540673875057430031e-01,3.272901754092417126e-01
1.717534997993996060e-01,3.560908810331354646e-01
-4.800490400145766001e-01,3.360947936996775409e-01
-1.450090294049019568e-01,3.449120403134984247e-01
5.001323362669053418e-01,3.432165002324146230e-01
-4.904792147489203669e-01,3.423194791339760346e-01
-1.681395064628009584e-01,3.540866701156440421e-01
4.895512526106962636e-01,3.304470196770218360e-01
-1.881229099261580162e-01,3.217870793195860557e-01
1.625026160429849653e-01,3.150746135856652419e-01
7.630857402953103996e-01,3.348191581452895638e-01
-1.803318572081089866e-01,3.301011948895227199e-01
1.585998079892970147e-01,3.297114482691373971e-01
-7.554263786963070215e-01,3.284320452383978073e-01
-1.748881778351787930e-01,3.237753788701046576e-01
4.931011661237712507e-01,3.086447863137566361e-01
-5.106622238868488983e-01,2.984828593789240481e-01
2.010750769156939843e-01,3.427111262537420600e-01
7.712931015464916662e-01,3.313196107618683883e-01
-1.916848125420454740e-01,3.212235633372397814e-01
1.931811312969939076e-01,3.177337058474211662e-01
-7.604110493188739328e-01,3.173580812048162891e-01
-1.653884693025615416e-01,3.059296365250250838e-01
5.068335253039970567e-01,3.215005312870884424e-01
-2.004766404199889440e-01,2.910445768522744170e-01
2.239658637386061635e-01,3.349995396512022161e-01
-7.500933906929329043e-01,3.075923489311697123e-01
-1.848625941308940646e-01,3.058051377455376363e-01
5.117986497913981081e-01,3.357849514345486175e-01
-2.167650868866630443e-01,2.810261592151688248e-01
2.098337589599021946e-01,3.021510503673833781e-01
-4.933356999565656764e-01,3.182760766402641384e-01
2.009804557141477988e-01,3.195656667250177940e-01
7.594636419311858733e-01,3.121357798025072849e-01
-2.179456189859663440e-01,3.091182450107924362e-01
5.018281862493825241e-01,3.386284971374795005e-01
-5.015711091307331060e-01,2.867990445186648363e-01
2.188276379400656835e-01,3.157718505911527029e-01
7.579476696245334155e-01,2.982018955723945153e-01
-2.217264918127762330e-01,3.050243968575103715e-01
5.104226250333502302e-01,3.056303291218140372e-01
-2.201220484157261625e-01,2.961291429646610296e-01
2.236931326153122346e-01,2.860027503888117884e-01
-7.628987233775685883e-01,2.933573235880841956e-01
2.350168919588018490e-01,3.074955650145590469e-01
7.626199163034719231e-01,2.709941073231669217e-01
-2.041817705743067535e-01,2.856327343017025511e-01
5.205400380594920051e-01,2.957100091221269156e-01
-4.929515661244136537e-01,2.745799475365851561e-01
2.346271762097253133e-01,3.130334608825888765e-01
-7.545361120001045085e-01,2.664119422247245295e-01
2.363514959386628367e-01,2.750050207900933130e-01
-7.564343312026806654e-01,2.832729292200423243e-01
2.442077389083310568e-01,2.771724107206028909e-01
-7.779477063276944993e-01,2.832549331249071267e-01
-2.266007193888883720e-01,2.847165558618368619e-01
7.807624586593461258e-01,2.886351783874302468e-01
-2.189404186609277825e-01,2.934258743694976301e-01
5.231864594229574950e-01,2.621594359353396353e-01
-2.513443648554014032e-01,2.676302933932825923e-01
7.734027572058052025e-01,2.800888980036478348e-01
-2.781365653778453684e-01,2.740362966695871205e-01
5.238084654603696322e-01,2.909337667127688265e-01
-5.296799783007289930e-01,2.546375550554014211e-01
5.201699166045345990e-01,2.368487774066897478e-01
-5.397128377566110524e-01,2.734644528956763354e-01
5.228507103679376211e-01,2.521860443293600373e-01
-5.203919998935853108e-01,2.887275166656448344e-01
5.410865715332455750e-01,2.777292744541627889e-01
-5.308676173693269718e-01,2.658674909975313194e-01
5.447715849486782780e-01,2.572763715148080887e-01
-5.395471004830743045e-01,2.624896144235674411e-01
2.672282126514155531e-01,2.521625125986297067e-01
-5.218374103911527229e-01,2.418668868612580403e-01
2.677332853151962455e-01,2.627681434750490652e-01
-7.870981225055084796e-01,2.557874898634739380e-01
2.623158731381833308e-01,2.433402661340743345e-01
-5.279119653497456044e-01,2.559164368339041373e-01
2.911192824101859755e-01,2.758528857712954085e-01
-7.789050876607133134e-01,2.405184435482453920e-01
2.622631026326125991e-01,2.497017789670578913e-01
-7.709389002173338001e-01,2.348843741965790655e-01
5.241689150899709881e-01,2.429087609428756123e-01
-5.353920800665632473e-01,2.340746848198420049e-01
5.504249975013391083e-01,2.622624072705004306e-01
-2.692481058181472875e-01,2.344635423323186418e-01
5.536597367249234125e-01,2.441569369698046721e-01
-5.320431497364228601e-01,2.430884626874456056e-01
5.380146280635346168e-01,2.651571669548608567e-01
-2.707354704099528275e-01,2.465307948759326850e-01
2.595160619967360610e-02,2.659407783686370541e-01
2.816431100330904491e-02,2.310327478876239016e-01
7.892251518355744011e-01,2.539843670424543065e-01
-2.939212625138484247e-01,2.498690257656470126e-01
1.592819099070468501e-03,2.260282911931938699e-01
1.915529675282941213e-02,2.409448408359187999e-01
5.527976551527845617e-01,2.476511113174859058e-01
-5.359860259323629972e-01,2.204582513025270529e-01
-4.075084931546660641e-03,2.325931622258700648e-01
2.710776505942828485e-01,2.320248390889376178e-01
-7.778200132015151702e-01,2.328033427317508508e-01
-1.765962872787903495e-02,2.227143559096898817e-01
3.109391780691734830e-01,2.309840527114229158e-01
-7.867267816700848071e-01,2.359219828094716309e-01
-4.626485193644805372e-02,2.303249695166553757e-01
2.858066840481119919e-01,2.170113675778254370e-01
7.919957340845442673e-01,2.298855988175560472e-01
-2.867990599408942187e-01,2.334668527569859486e-01
2.796668811669368315e-01,2.176488764193016401e-01
-7.733044425190708226e-01,2.347221605229272423e-01
-2.732243884405617940e-01,2.181165569469081245e-01
2.989134954186288828e-01,2.052295704255568398e-01
-7.940277015353748302e-01,2.133694851837577011e-01
-2.903761391984128748e-01,2.162402348892920323e-01
3.061188804770948457e-01,2.269212328371291720e-01
-7.924026479337554774e-01,2.234680107038663488e-01
-6.103547292745638286e-02,2.364584451110188779e-01
3.159306325857667574e-01,2.307315491385678596e-01
-7.595956509697888714e-01,2.227204407966797139e-01
-6.229210277473410523e-02,2.305304804210538405e-01
2.931295798926366603e-01,2.005442959287391247e-01
-7.953456016705485743e-01,2.054202825651386399e-01
-7.430245643539258593e-02,2.459063051551796386e-01
5.487989874601891804e-01,2.208645834305882905e-01
-5.684994527422905231e-01,2.076752985752569614e-01
-6.077894854552847587e-02,2.176595784267207900e-01
5.480806754214602172e-01,1.981841580870631336e-01
-5.352546444294895567e-01,2.135324227705622802e-01
-7.208550373930353028e-02,2.104283162953324293e-01
7.989855042388401829e-01,2.011282209933574761e-01
-3.094566221885640123e-01,1.889321514666279234e-01
3.287094934758746367e-01,2.114975746801401879e-01
-8.039771420387717971e-01,1.922810524720405811e-01
-8.569973472571462692e-02,1.989610185962513156e-01
5.665216727461211965e-01,2.018322403695811673e-01
-7.809013750024957901e-01,2.110976930391882389e-01
-6.602357587276988515e-02,2.107486729177057150e-01
5.466853756629161953e-01,2.133011370625788605e-01
-5.319855845797523131e-01,1.655361058744841962e-01
-8.449087220642928497e-02,1.832621556400415574e-01
7.925243525821958901e-01,2.043791209272716736e-01
-3.014188758269684687e-01,1.837441390496169780e-01
3.170393252599852385e-01,1.597402948431972114e-01
7.983821048542599774e-01,1.934006249824803403e-01
-3.057638801376241777e-01,1.922569702533299119e-01
3.070944397186025632e-01,2.042459437763522456e-01
-7.916755500901685449e-01,1.794287721575276440e-01
-9.240491327206182270e-02,2.112162130597266263e-01
5.581541640358140821e-01,1.767805827896045123e-01
-5.453660839090364032e-01,2.073079851440849941e-01
-6.726476474427883767e-02,1.948883145597453959e-01
8.052582938764543119e-01,2.006084950226275643e-01
-3.280632638226162467e-01,1.917334953045904400e-01
3.328574959882756312e-01,1.830950647572400503e-01
-7.900226980040744307e-01,1.819374594636011533e-01
-9.732896939579160911e-02,1.837925582369804578e-01
8.145517757990980989e-01,1.858610050223148957e-01
-3.435386090484007227e-01,1.698180515501037935e-01
3.271299674822595316e-01,1.949221540878464110e-01
8.105455243501644702e-01,1.750306522217899008e-01
-3.191656065257571506e-01,1.889733407386924025e-01
3.239721901218305944e-01,1.674015849302220860e-01
-8.098510163404375461e-01,1.525827675607156209e-01
-1.100139634211221712e-01,1.508667550233750154e-01
5.666219675534134304e-01,1.617922926779142012e-01
-5.498975716234331124e-01,1.685307849005398262e-01
3.334101926004499616e-01,1.719616319578991248e-01
7.963494249507928613e-01,1.779288729201798092e-01
-3.325748508915294388e-01,1.878077159944421259e-01
3.455991773044952420e-01,1.780211703586039862e-01
-7.827530241133013877e-01,1.830578634066548360e-01
-1.003780683162111415e-01,1.621992404791940401e-01
8.012211655223089313e-01,1.573120079911365932e-01
-3.304004654090368920e-01,1.542645698632038598e-01
3.234608500936899667e-01,1.832226389654427745e-01
-7.998124117233709196e-01,1.397686465797496613e-01
-1.220546042405675768e-01,1.532641519729702750e-01
5.711334735562574316e-01,1.857794828889383631e-01
-3.293678205692179839e-01,1.595114130136593977e-01
3.264414112203571916e-01,1.707888732499545092e-01
-8.142254398882395883e-01,1.610354957113691310e-01
-1.233781105025806707e-01,1.604566976912009113e-01
5.584226611439955246e-01,1.589499911945948807e-01
-5.478637362480482942e-01,1.726206592673807105e-01
3.418207973525417831e-01,1.502211682442714524e-01
-8.127884852155659035e-01,1.439136009534201510e-01
-1.048302729776355441e-01,1.426012678985905113e-01
5.714123425573789383e-01,1.355233831475431416e-01
-5.655806239102362243e-01,1.606399071123403022e-01
3.342439215636340832e-01,1.544521728884661049e-01
-8.121559617544966692e-01,1.667179424191020387e-01
-1.299793797145400998e-01,1.552579998701752728e-01
7.947172955477087575e-01,1.457123753727906090e-01
-3.296885058974081684e-01,1.548260242991616464e-01
3.346347550069515009e-01,1.473627762717043543e-01
-7.904126748324624696e-01,1.301543758033390508e-01
3.502684019522403491e-01,1.614220908055292447e-01
-8.184090489195222640e-01,1.282151333166199614e-01
-1.541544844981883045e-01,1.522278374620167074e-01
5.626140267655249660e-01,1.586214310952772100e-01
-5.639417331339862116e-01,1.537583227362635530e-01
3.363309684709582803e-01,1.227271627932568221e-01
-7.983036711829026855e-01,1.324078018617042551e-01
-1.208119959560076812e-01,1.324047107100615739e-01
5.938699892707480776e-01,1.310494361604845892e-01
-3.590188477531651157e-01,1.386864955669809274e-01
3.658148714006862479e-01,1.281730793104657873e-01
-5.651877699617976480e-01,1.275862015016511475e-01
3.411356436822936544e-01,1.357718574598599792e-01
-8.217813328332463918e-01,1.321504418806184467e-01
-1.324274148256364414e-01,1.115840226876129021e-01
5.886083965814067342e-01,1.479202713417552828e-01
-5.757555394806375126e-01,1.032061707691169505e-01
3.486606345596381940e-01,1.207631741604379139e-01
-8.030797045851689742e-01,1.259559487794579546e-01
-1.277396792955672600e-01,1.176624016488095475e-01
8.100601194344438927e-01,1.414164416064369323e-01
-1.304224709136476978e-01,1.377891418096520160e-01
5.768999736379782917e-01,1.426414644019392275e-01
-3.358921120171405317e-01,1.337062788820251868e-01
3.624392852390179165e-01,9.875023791972528664e-02
-5.947125259013239518e-01,1.073601669620553589e-01
3.498312041405226003e-01,1.086285057486395672e-01
-8.149999461329847650e-01,1.135791996973054413e-01
-1.410187012652686644e-01,1.250882332634044580e-01
8.211030853439227339e-01,1.223450605132762187e-01
-3.438741154157262114e-01,1.167944804475881670e-01
6.001393731632722606e-01,1.175242837533645446e-01
-5.862636715482615335e-01,1.069805089166327022e-01
3.398473220671476280e-01,1.188509493603758654e-01
-8.127249172500714547e-01,8.698690335029973797e-02
-1.388462321471919669e-01,9.849316803259267061e-02
8.229794174883230395e-01,1.023066695983905344e-01
-3.502425231327923050e-01,8.856937829950868590e-02
5.825826477324600461e-01,1.019920717567728563e-01
-5.909101383416320852e-01,7.216627760383334533e-02
3.436759585480116952e-01,1.008834182512648725e-01
-5.781950076391016990e-01,1.233848023020086559e-01
3.712488880890302267e-01,9.456063421336238783e-02
-8.145250660270278997e-01,6.763241872529306142e-02
3.704759081232007478e-01,1.054656695386260168e-01
-8.178391808521415784e-01,1.037936610482341065e-01
3.803068547677160294e-01,9.202748257921336550e-02
-8.193553518215220821e-01,9.359551489202511121e-02
-1.403036683914074545e-01,9.544918098159806130e-02
8.101915023018916306e-01,8.408817496110997103e-02
-3.499907014788898874e-01,7.257481453613243150e-02
5.996814122966537264e-01,6.004296506349497686e-02
-5.780703723972460129e-01,8.850085948530150848e-02
5.795355769814020119e-01,9.152999450641041701e-02
-5.859926022059283035e-01,8.752348080858320112e-02
3.745293416849580503e-01,8.095037629418008751e-02
-5.836342970248135087e-01,6.817919354850589253e-02
-3.335250761630227656e-02,6.156554488450693280e-02
3.582221070829309517e-01,7.320601956056449477e-02
-8.083753527327947053e-01,7.171446459750493996e-02
-5.449426947317088932e-02,8.628340206147629143e-02
-3.037899515973253861e-02,7.379237098483130974e-02
5.835551306635937685e-01,6.583883301451422254e-02
-5.827006338094531390e-01,8.018120615194863909e-02
-2.991741893338564426e-02,8.438756439828486167e-02
-1.312558613503855137e-02,1.001275151426702786e-01
3.760000211447052654e-01,7.613573294561713778e-02
-5.849098602123986579e-01,6.831184970263236289e-02
-6.601490283778038183e-03,6.340119488107234802e-02
1.594442060110860815e-02,8.204007426729120755e-02
8.044053777548396678e-01,7.595551011736542679e-02
-1.433776600243845956e-01,6.091825016388233149e-02
4.289260200813133084e-03,9.887151505234299809e-02
8.115672855293332155e-01,4.905749796312232347e-02
-1.344049688732626147e-01,7.718708283234561318e-02
3.407924497491358895e-02,7.100879617284155954e-02
8.212510398677105306e-01,7.680566587957739222e-02
-3.753331232260377348e-01,7.874767758019365904e-02
5.379571763354250302e-02,5.998562687596891568e-02
8.251229278386273958e-01,5.402454516253812900e-02
-3.578148619135896880e-01,7.055687506425525890e-02
2.914074313755914483e-02,7.572088026202272726e-02
-8.031027754087093351e-01,6.208524914559629404e-02
-1.318282388294288732e-01,7.368895395556701589e-02
3.630276807273488116e-01,5.882706256756480706e-02
-8.234808011074273848e-01,6.415371492576606161e-02
3.828891566087318232e-02,7.629246667863161246e-02
6.048627066426078835e-01,6.749363148474332719e-02
-5.815140564251841671e-01,3.588497361802296670e-02
4.670730179533876675e-02,4.259530129451707947e-02
5.998172585642899124e-01,7.267300951611488369e-02
-3.750854578529952965e-01,3.982244801932594697e-02
5.664869770370156016e-02,2.593008685019656395e-02
8.227521587000938830e-01,6.882025831356877732e-02
-1.251869181494889294e-01,3.577256313157040069e-02
3.610864767655315721e-01,5.673598900616007301e-02
-8.159067763499189274e-01,2.991383192292449561e-02
3.306284753643153052e-02,2.310111438923397389e-02
5.754412931836885292e-01,4.674105225464722513e-02
-5.888384441790481816e-01,5.148247932093528295e-02
4.877535010080370770e-02,4.982345864912179206e-02
8.256608400515820234e-01,6.971750012434621557e-02
-3.650434274976898652e-01,6.282315820195258360e-02
7.780441235951937595e-02,4.722286991741220935e-02
-8.293261948617213219e-01,4.259554293397083830e-02
-1.049287540002725727e-01,4.090411128529837514e-02
5.940912385919476790e-01,5.185830678229407659e-02
-3.770662406704085035e-01,5.499112677792065973e-02
3.535004193989274568e-01,3.598614481056666703e-02
-5.892045539842420965e-01,2.314252608644704404e-02
7.051561015632160090e-02,5.089283921105086650e-02
8.270969720087315569e-01,5.066452890729074288e-02
-1.193461801836559200e-01,3.539772813342343533e-02
3.786790286615057122e-01,3.226428606757587858e-02
-5.965736317399428223e-01,4.928391100283178311e-02
5.862191757059066755e-02,4.632579467159559511e-02
5.974229320818247313e-01,5.259507647078033588e-02
-3.595672255158501862e-01,2.137417765190790728e-02
7.165146809636341318e-02,2.963384327338079369e-02
8.385789620312033010e-01,7.515200685554968354e-03
-1.219597319028197374e-01,1.955421676763847288e-02
3.766959243098458310e-01,2.235221518913567407e-02
-5.897417572005679842e-01,3.029626093578942359e-02
8.835370852812261810e-02,1.785800402268595058e-02
8.116054332026430007e-01,2.571745900493876621e-02
-1.061922983286573557e-01,1.946379204870552632e-02
5.976869918830785000e-01,1.605948698668138719e-02
-3.778047513272254077e-01,-2.629343841922298503e-03
3.789819498867143532e-01,1.995180539628821012e-02
-5.924320023529782153e-01,1.831814515956051159e-02
8.769554984620152316e-02,2.028158727211874009e-03
8.172287590741299512e-01,2.709970661150640919e-02
-1.167481826525588184e-01,8.417640673320927330e-03
5.884101135555471762e-01,2.210386608534876951e-02
-3.706933967296172083e-01,3.660128615547847408e-06
3.649313816082025985e-01,-5.301076810431942093e-03
-8.137781885568802220e-01,2.167552428360346173e-02
8.395291092802054100e-02,1.907035992142747105e-02
8.069211024522118247e-01,1.665354305512295463e-02
-1.210004152345305201e-01,-9.793504997228726430e-03
5.946352730643063023e-01,1.845054479540594178e-02
-5.988531400611935007e-01,2.029237773910358249e-03
8.926693529021911822e-02,8.122819691249236543e-03
-8.145415666461367499e-01,1.991253325131731727e-02
-1.078589248273094797e-01,6.605863896464531093e-03
5.840362253175859220e-01,-1.975022424155147005e-02
-3.615089253383060863e-01,-8.656582659411254238e-03
3.668965007121581801e-01,-2.394442986679512497e-03
-8.112368613292834096e-01,-1.171096844034824960e-02
1.096379906226154360e-01,-4.936001545111794002e-03
8.219409706009423999e-01,1.248609094338925260e-03
-1.013291982436413941e-01,-1.619704354648408839e-02
5.965357930910404338e-01,-4.362228144164931841e-03
-5.808272373152950641e-01,-2.763765108256160258e-02
1.025570920073231307e-01,-9.178480726987093066e-03
-8.234794325694723138e-01,-1.425678779694731883e-02
-1.010948956619095035e-01,-7.561421312647877667e-03
8.285063668931836878e-01,-1.386533213069715553e-02
-1.216028575913743470e-01,-4.368462596938151032e-02
5.988085950930100987e-01,-1.831026565101756542e-02
-3.705964155807480176e-01,-1.191333000444584622e-02
1.171536641386548283e-01,-2.994432687542512850e-02
-7.910686953914731756e-01,-4.734348221064490353e-02
-8.462603711971809772e-02,3.897606989136210946e-03
8.228634306625826067e-01,-2.479368986584454954e-02
-3.581184379921059091e-01,-5.514616640438112227e-02
3.734548329344151152e-01,-4.908344057870743515e-02
-5.795542752228511896e-01,-2.550876474550668044e-02
-8.959764431348472835e-02,-1.448548275325080813e-02
8.233989398732861620e-01,-1.814239988119879798e-02
-3.761443836168100741e-01,-4.285915841460301995e-02
1.379720589545110621e-01,-3.288932225442118412e-02
-8.114005210674436475e-01,-3.336187427403009692e-02
-9.983129996622405744e-02,-3.615550315507457674e-02
5.974876825232789956e-01,-5.278391594989403218e-02
-3.537827229053925326e-01,-2.748765997165086156e-02
3.707692668105194156e-01,-3.620997341532690428e-02
-8.026693027002456127e-01,-3.614839393316222893e-02
-7.620794606537731330e-02,-4.446605287185206867e-02
8.127668273797984400e-01,-4.110396518644424124e-02
-9.303617034320492418e-02,-3.466436950522548688e-02
3.595434264942336533e-01,-3.920231091668380935e-02
-8.100753653868316695e-01,-4.308390814479105824e-02
-9.076512034461195477e-02,-4.310864271526120006e-02
5.712527061073443546e-01,-5.492625550219878972e-02
-6.040022853792706981e-01,-8.564578130849775928e-02
1.235837818868220223e-01,-4.559139555470645422e-02
8.346838946841955709e-01,-5.856672818580357237e-02
-3.394519004523455230e-01,-4.808963142812469616e-02
3.594440899484948604e-01,-7.172220875471810309e-02
-8.093768602068848184e-01,-5.434433427692674651e-02
-6.292976153153299890e-02,-4.046169229464131878e-02
5.907120597928807726e-01,-3.506874910833179815e-02
-3.787737796527687051e-01,-5.044199520546600174e-02
1.337632934404018870e-01,-5.484045288188565959e-02
8.071745966826409102e-01,-7.501412658097116049e-02
-5.618903643118388497e-02,-3.986989070541351043e-02
3.775875670495765779e-01,-3.756527501538968472e-02
-8.046510733413141381e-01,-6.949089534276975400e-02
-4.988907766870513683e-02,-5.568978184838377365e-02
6.021913388277682078e-01,-6.578828617438005344e-02
-5.852424277262712193e-01,-5.883862329777636568e-02
-4.267499171159198218e-02,-5.921487794104184077e-02
8.208163188279103961e-01,-6.513895150346919738e-02
-3.570367672035621998e-01,-9.163138520954357269e-02
1.250079604247869847e-01,-4.798871424234144034e-02
-8.067699842554229006e-01,-6.071543403339244721e-02
-3.049331691866484853e-02,-5.308105342351665534e-02
3.739562176479664934e-01,-5.520268063292558397e-02
-7.933030463631169926e-01,-7.550605336625906827e-02
-3.198994580934919063e-02,-6.013354505695463204e-02
3.702544452958594356e-01,-7.786014443860407586e-02
-8.197308461519130507e-01,-7.244920488671839631e-02
-3.245687824588504300e-02,-7.458017634379672522e-02
1.287991649188850174e-01,-6.794343830899332581e-02
8.227715739803957984e-01,-8.469916478409382499e-02
-3.969966107303884995e-02,-6.766813330127686987e-02
-1.868109810381189673e-02,-7.556174603712409454e-02
5.959308984849926993e-01,-7.020593435010910599e-02
-3.717619091506190743e-01,-9.027424971254360830e-02
-1.576433510971219851e-02,-7.451052932676911766e-02
2.046977399246037443e-02,-7.340988446989876737e-02
1.395761734335509985e-01,-8.927021667083581691e-02
8.396786744717753548e-01,-7.103051961241120538e-02
-5.383723024063261781e-04,-8.354467887193699205e-02
1.213224044849643343e-02,-6.650750661190100999e-02
2.846486574445947909e-02,-8.372104522480293409e-02
6.078423691287794250e-01,-8.125602736755062339e-02
-3.650318482860829272e-01,-1.113119320273238400e-01
1.657535546980787311e-02,-9.114702811926872483e-02
3.684313945728027728e-01,-7.945388086966502506e-02
-8.260326236770220154e-01,-1.028448034898159641e-01
1.316536542715108227e-01,-8.646631741994609266e-02
-8.209673028795115846e-01,-9.516516396212182372e-02
1.146539082008388305e-01,-8.802504991639061027e-02
8.118121328736583875e-01,-8.499788970251627440e-02
-3.496606286209170689e-01,-8.180145045763437261e-02
5.928676670706665153e-01,-9.204548595776969322e-02
-5.833486064160017248e-01,-1.047587194809841415e-01
3.581425534897121343e-01,-8.287178566564207260e-02
-5.895521588058181273e-01,-1.048958500922114734e-01
3.673809693485704519e-01,-8.397301939506021662e-02
-5.881229396222009687e-01,-9.429660432456338226e-02
3.719854717010021017e-01,-9.271469414631570982e-02
-5.949516337143484490e-01,-6.871787335718287926e-02
3.654509410493689270e-01,-8.339063386948730727e-02
-8.036038142852639510e-01,-9.061321408180508796e-02
1.142930281368718798e-01,-9.822732827419851376e-02
-8.390353242278477675e-01,-1.187502626383032944e-01
-3.485684301530848073e-01,-1.029740153326702129e-01
5.913342576106357384e-01,-7.714065698166742979e-02
-3.513971289505319895e-01,-1.317389359300415730e-01
5.747882969042551471e-01,-1.069871826294219314e-01
-5.813613775153126939e-01,-1.143015816928786704e-01
3.653547544352047094e-01,-1.106282907445528679e-01
-8.130060585137933726e-01,-1.186978645534580018e-01
1.051238655572502845e-01,-1.089621799845625905e-01
8.120842333262590085e-01,-1.145754561205779842e-01
-3.439248093203014500e-01,-1.142595283840248527e-01
5.937146334452904073e-01,-1.291538816333029360e-01
-3.536958143709822977e-01,-1.187125691916325054e-01
5.793541155598354031e-01,-1.069063503423796635e-01
-5.803038950126507833e-01,-1.166724465915424530e-01
3.601845133744220884e-01,-9.863004613864864711e-02
-8.036020345294320189e-01,-1.274452792108784482e-01
1.601039802774983645e-01,-1.314031319686654320e-01
8.278851811769945002e-01,-1.259169792429961077e-01
-3.578296651964192887e-01,-1.144742402377980917e-01
5.830581942023295161e-01,-1.335194782877291708e-01
-5.849827998771334192e-01,-1.225242850447470638e-01
3.525646405112330406e-01,-1.429059872322171743e-01
-7.880051869941308018e-01,-1.475197718937082403e-01
1.094611896569216425e-01,-1.309120966275570674e-01
8.044129464190417078e-01,-1.431370440548127287e-01
-3.421658891952588100e-01,-1.243476829348930113e-01
5.834981832910970390e-01,-1.100899227046274881e-01
-5.850003410873936271e-01,-1.348028997404226714e-01
3.420924609669621641e-01,-1.146450592314009753e-01
-7.986464036289743218e-01,-1.731376898678495535e-01
1.083513780843298885e-01,-1.498057382245507607e-01
5.709287035657908405e-01,-1.316672123263856187e-01
-5.622047766866388185e-01,-1.500875773362574384e-01
3.689479007556883960e-01,-1.346937532031718399e-01
-8.089866970752797037e-01,-1.326743931375770902e-01
1.143687393895609639e-01,-1.383254903330887742e-01
8.382533912250950126e-01,-1.381984450833083633e-01
-3.439765401810117029e-01,-1.360917918902719848e-01
5.820878180892150588e-01,-1.226304734374502048e-01
-5.493558623720660172e-01,-1.448447094618583175e-01
3.504413329257447529e-01,-1.442662131672278469e-01
-7.934364729270692029e-01,-1.539916886730525458e-01
1.104872566734965006e-01,-1.284362221434738327e-01
5.872634171994499663e-01,-1.656200355870638130e-01
-5.738277975484569193e-01,-1.657200949778520060e-01
1.132072408759638993e-01,-1.383424368313724284e-01
-8.092608613370049220e-01,-1.424111367416352469e-01
8.699424439680546184e-02,-1.452352650862492323e-01
5.805329372272504118e-01,-1.351949208492652377e-01
-5.638960420764850268e-01,-1.602344009864367924e-01
3.284745469396486151e-01,-1.532391420649077407e-01
-7.980524529775303577e-01,-1.607521095137919576e-01
-3.109439089166562975e-01,-1.359091766949596936e-01
5.733251721662884215e-01,-1.610792723647577751e-01
-5.896741486918422037e-01,-1.547052202049708503e-01
3.269399346693571129e-01,-1.686111883753826923e-01
-7.823212435402049358e-01,-1.827814191024000057e-01
1.132709490276147812e-01,-1.813413320328712830e-01
5.649156726762242231e-01,-1.655630790097944727e-01
-5.698203599992456292e-01,-1.510166995342116514e-01
3.262402126321548024e-01,-1.749095718231940544e-01
7.925900525746368830e-01,-1.568200035158529848e-01
-3.256591108583119509e-01,-1.565383922504157699e-01
3.457263125320851338e-01,-1.514990716046091257e-01
-8.166949706962643996e-01,-1.850976028618455393e-01
8.865203638708271661e-02,-1.719267998215979754e-01
7.855840373838369750e-01,-1.625724566165182849e-01
-3.382405719316275428e-01,-1.514840084502184492e-01
3.240214140238786844e-01,-1.814212226352078239e-01
-7.882631358136614752e-01,-1.703072334962623668e-01
1.099860273779721398e-01,-1.733208164293752185e-01
5.978078679823839447e-01,-1.772988629378748349e-01
-5.554674180320519072e-01,-1.725012273469788693e-01
3.314881908488200302e-01,-1.801913148970832323e-01
8.077775962142210719e-01,-1.686123111618673398e-01
-3.236415017397766825e-01,-1.900980775980990467e-01
5.711644472607901868e-01,-1.797155781994097812e-01
-5.758166337874870422e-01,-1.722124621868761918e-01
8.597646890179967694e-02,-1.801279101110787872e-01
8.047680000535498701e-01,-1.919848211313401054e-01
-2.998869229228637301e-01,-2.082150580941291018e-01
3.065213616790715134e-01,-1.917725099589815962e-01
-7.955317561428917328e-01,-1.756096393356342822e-01
7.412524928112343425e-02,-1.882293405745355253e-01
5.555589872101979187e-01,-1.965531957091651016e-01
-5.696259502795749663e-01,-2.163406456218957274e-01
8.884296663355122081e-02,-1.975322638682843190e-01
7.961455177860112808e-01,-1.812103853339207538e-01
-3.197110276641807469e-01,-1.800188076641410506e-01
3.305573164472026537e-01,-1.783107041876051679e-01
-7.838336876083412674e-01,-2.027801498516036416e-01
7.628925521947298172e-02,-1.788695710400798056e-01
5.724764817281712270e-01,-1.831218927006059149e-01
-5.500727848205706483e-01,-1.924081266267165802e-01
8.590701970038111535e-02,-2.294083338656959792e-01
8.021049905201386165e-01,-2.074489273516347820e-01
-2.979750954782705019e-01,-1.916511388425572449e-01
3.084010068778592628e-01,-1.878366886311017558e-01
-8.020246838149643898e-01,-1.999648109610128177e-01
5.215078879699941439e-02,-1.853222120739805301e-01
5.500779105720660089e-01,-1.875231976951144131e-01
-5.471719371119224684e-01,-1.818569852040070878e-01
5.651744837155922574e-02,-2.055064756503593160e-01
7.906811093987323735e-01,-2.005331910777310156e-01
-5.535913698521915949e-01,-2.068130290452799558e-01
4.718833038620931508e-02,-2.212938972764871559e-01
7.910848085482063974e-01,-2.158893224553536661e-01
-3.066775319114317111e-01,-1.974128564880594794e-01
3.194290673451332663e-01,-1.936053008489340144e-01
7.978546607201657537e-01,-1.991691977574819583e-01
-2.944642393361741606e-01,-2.203046873323587784e-01
3.009789853249743574e-01,-2.089330903902929526e-01
-8.178771205900547958e-01,-2.031128762455717274e-01
3.208199372261071741e-02,-2.046093441218304332e-01
5.525160618022832981e-01,-2.168182152510237659e-01
-5.535792701979517227e-01,-2.006738351510106155e-01
4.134864475076067275e-02,-2.277990429427482200e-01
5.520403624649532492e-01,-2.142552892864742486e-01
-5.524993752843909700e-01,-1.991352560017614903e-01
6.541811443731040954e-02,-2.259620310733043425e-01
5.564458394165627819e-01,-2.130300306682109956e-01
-5.504669539341174866e-01,-2.387150755002692415e-01
4.607995477664383194e-02,-2.350036053608437758e-01
8.048293958971696194e-01,-2.259890318709222023e-01
-2.890301845454702478e-01,-2.096224950952834676e-01
4.053518417545611680e-02,-2.066959239258231995e-01
7.915001952419059572e-01,-2.074230298526296146e-01
-2.810702977720900275e-01,-2.179438068898743308e-01
2.933254201854789134e-01,-2.329798047278405226e-01
-7.768814876819426507e-01,-2.242458698388267724e-01
-2.773137550213714553e-01,-2.433722491396559662e-01
3.245621373586351360e-02,-2.399780777947310151e-01
7.815983971855215984e-01,-1.997540707367997659e-01
-2.972076005316497405e-01,-2.386067691223616449e-01
-6.984663288282916965e-03,-2.360629548559535773e-01
5.330305413880533916e-01,-2.436938540899974692e-01
-5.472953514276315268e-01,-2.253679644076812261e-01
-4.304361337466271892e-02,-2.264265988310773248e-01
-2.356254290068172247e-02,-2.367928765125806578e-01
6.050565978683864789e-03,-2.478153851712609212e-01
7.802310146953356229e-01,-2.414292567018561098e-01
-2.882895782657073913e-01,-2.228664939232258835e-01
-2.683769991952242306e-02,-2.470906263735271335e-01
-2.301940076839217864e-02,-2.379623547827929286e-01
5.435492449855509056e-01,-2.335096955375915440e-01
-5.581907716689051835e-01,-2.386266921381527684e-01
-1.704601361578495650e-02,-2.255855425653004731e-01
5.446288328025421510e-01,-2.411488327050985703e-01
-5.417386324828051825e-01,-2.459587294269726665e-01
5.341275528477540391e-01,-2.402243498029453805e-01
-5.133285689187840894e-01,-2.464448134423329329e-01
5.196927148502501481e-01,-2.576221714398941320e-01
-5.264491104144909395e-01,-2.592465331135311302e-01
5.259417110257352812e-01,-2.437508026056582067e-01
-5.422483236057427103e-01,-2.351414082979905451e-01
2.692921402775239614e-01,-2.658179064868019248e-01
-5.291684262335625277e-01,-2.641239421083326211e-01
2.589069756050052518e-01,-2.570706460082544109e-01
-7.671411483569533507e-01,-2.495004739666858984e-01
2.851928332923582832e-01,-2.662213460920002661e-01
-7.569966604858644477e-01,-2.488364999719444304e-01
2.676805714591186103e-01,-2.640859581650766841e-01
-7.803002731093360289e-01,-2.659197198241435300e-01
2.618601560078145374e-01,-2.615409435679692529e-01
-7.828863904350211733e-01,-2.796546155357994556e-01
2.773637681701777158e-01,-2.845885483479189682e-01
-7.819483786265682967e-01,-2.835000305099156237e-01
-2.536042774590159810e-01,-2.620518040873026089e-01
7.914944584181227150e-01,-2.673200333749465307e-01
-2.445156765120294617e-01,-2.704992030011406645e-01
7.694813514361692475e-01,-2.812729569620696646e-01
-2.387504228821294427e-01,-2.623513895884426184e-01
5.339334700420176327e-01,-2.702900676676306957e-01
-5.158960807937461590e-01,-2.921383647155039176e-01
2.483907883374922854e-01,-2.761997966759210943e-01
-7.567486960066703849e-01,-2.716072280848478848e-01
2.570176190248042447e-01,-2.654722931282023080e-01
-7.618913556285804578e-01,-2.982208057067895490e-01
2.465359844029268166e-01,-2.665223417085280655e-01
-7.698195809443347803e-01,-2.897090388005930106e-01
-2.405342413911086275e-01,-2.642169003482179868e-01
7.650346115440461725e-01,-2.930791941410194612e-01
-2.204027719459542567e-01,-2.910915274147720666e-01
7.634158570100940677e-01,-2.755918056861776377e-01
-2.445147750709438517e-01,-2.764210722472105752e-01
5.273352633919710097e-01,-2.975819808942610223e-01
-2.352228807058123206e-01,-3.014687042242320536e-01
5.029957478728904752e-01,-3.074202794340969991e-01
-5.044149055735154263e-01,-2.842103240542452336e-01
2.367484339231871737e-01,-2.989621190177528254e-01
-7.576659352243960699e-01,-2.817242092194612302e-01
2.347382667810119783e-01,-2.944121393374037887e-01
-7.571056533889413132e-01,-2.897892554648892616e-01
-2.230728496359327961e-01,-3.040375511073814541e-01
5.194680287642281513e-01,-2.975324641068654019e-01
-2.182332814441680091e-01,-2.918721417997907630e-01
2.462140175181756485e-01,-2.832976197047374356e-01
-7.732765132351094861e-01,-2.850806859834593698e-01
-2.174232146066001625e-01,-3.139451576349937545e-01
7.675696640911101598e-01,-2.894218528905250221e-01
-1.916829697587327797e-01,-3.126592578257488264e-01
2.212675818069002043e-01,-3.188333480326551173e-01
-5.134039781816712722e-01,-3.095192572549717025e-01
2.237002969736346381e-01,-3.182746631575529839e-01
-7.542537236517822263e-01,-3.121280867176322027e-01
-1.909091182198891234e-01,-3.148065637940421491e-01
5.024809535460719179e-01,-3.202139245010955926e-01
-4.768692289615270030e-01,-3.368735915890204713e-01
1.954222582645695760e-01,-3.004275056200759741e-01
7.616568414834092859e-01,-3.008204853734802176e-01
-1.976786648086550913e-01,-3.345868229807217320e-01
2.187599030828083768e-01,-3.253175911128580178e-01
-4.915199963813773332e-01,-3.242426696668735953e-01
1.999472762815801552e-01,-3.303239807671770056e-01
7.686042314667729247e-01,-3.201870061758486652e-01
-1.790631931593414383e-01,-3.373526369643350398e-01
5.080210002273287673e-01,-3.110833037749277663e-01
-5.021980525011006113e-01,-3.249207135648786715e-01
1.972449533130949395e-01,-3.472776867978430437e-01
7.521122616700125496e-01,-3.350941250695621543e-01
-1.829293845176712952e-01,-3.214927997222759015e-01
1.985070834243865823e-01,-3.379603828892941420e-01
-4.986849902492827558e-01,-3.379440751146678967e-01
1.763603105455360809e-01,-3.170587250899198350e-01
4.887587111690294694e-01,-3.471778470872010636e-01
-1.651934445289007791e-01,-3.167847539145270397e-01
1.633989747096914191e-01,-3.165782820517270002e-01
7.571976039583824258e-01,-3.554713697329523470e-01
-1.513975647377673317e-01,-3.145017721185579540e-01
1.766126932828887552e-01,-3.278803304674053343e-01
-7.497147353632329647e-01,-3.113171518634818558e-01
-1.583799152532861798e-01,-3.242580764362057444e-01
1.615055274827807141e-01,-3.430691630636060752e-01
-7.359146919847368018e-01,-3.438015896131215721e-01
-1.715030114309773202e-01,-3.467500133871500578e-01
1.566773272836022024e-01,-3.587011478173501855e-01
-4.934456081769601488e-01,-3.243407970527447670e-01
-1.395770413819500400e-01,-3.643309939835620570e-01
1.532140920428864683e-01,-3.379775850085992572e-01
-7.307977481476664039e-01,-3.629016443058984964e-01
-1.626966153743266419e-01,-3.606934580941322799e-01
1.502584242683096261e-01,-3.498772665569597762e-01
-7.638865730564717849e-01,-3.282064409220493140e-01
-1.460723976165810567e-01,-3.278875196986952845e-01
1.375265888951325011e-01,-3.394906459033513180e-01
7.175350974014127470e-01,-3.304679470405176844e-01
-1.209210782225473846e-01,-3.515983914839186375e-01
1.205666847619996235e-01,-3.385480396305732831e-01
4.805868818041532098e-01,-3.240431702833381222e-01
-4.643446094882805464e-01,-3.410682546089977563e-01
-1.331788641902081904e-01,-3.370408774702746690e-01
1.156699767087150804e-01,-3.355466604054279101e-01
-7.549378437986417056e-01,-3.285744379791513681e-01
-9.715300449792510507e-02,-3.367318464766989594e-01
1.096743568794366908e-01,-3.643920882165306296e-01
5.024527887426831763e-01,-3.522252899191567477e-01
-4.921887990811295577e-01,-3.463903124328984173e-01
-9.135858583867398353e-02,-3.389767638817747786e-01
1.115936073462061723e-01,-3.551425203155270660e-01
7.443446514303718731e-01,-3.411607225861417736e-01
-1.238098872947415302e-01,-3.448849285947855337e-01
-8.217595820635095749e-02,-3.237785397507308427e-01
1.002928429297213070e-01,-3.669680022134840236e-01
7.358850045830792608e-01,-3.438160944397888330e-01
-1.058154910028112905e-01,-3.658878373008399576e-01
-8.356830733679870837e-02,-3.511524448330172743e-01
1.125551010061255769e-01,-3.433321271788896123e-01
7.499394266523867758e-01,-3.379415191739480462e-01
-8.857348167581501064e-02,-3.514473407500293689e-01
-6.852997332196500424e-02,-3.367887675770396827e-01
8.112526480604267953e-02,-3.412058571601224721e-01
4.741656239827402586e-01,-3.703970337468764362e-01
-4.708485057572761590e-01,-3.604026974926162752e-01
-6.471713645494156508e-02,-3.858820616258419323e-01
-6.236398893530598064e-02,-3.777432410327024037e-01
5.632928868563781555e-02,-3.523124303088494558e-01
4.723242738543928509e-01,-3.471543549336685852e-01
-4.548226958185213609e-01,-3.710208116993850003e-01
-6.199717052070022327e-02,-3.657206098217851142e-01
-4.457081151664588764e-02,-3.735365169238503147e-01
4.388414089580498778e-02,-3.479179827271296488e-01
5.454772353148799879e-02,-3.648113056093717499e-01
4.666907220945150092e-01,-3.811648529812486363e-01
-4.839003629768481862e-01,-3.898690202511120861e-01
-3.513332612961176521e-02,-3.526373444997102924e-01
-3.587796720098470477e-02,-3.724945515573944710e-01
-1.340784583175111053e-02,-3.640822661249176195e-01
3.434894647477398921e-02,-3.695397432063758369e-01
3.517102701036008833e-02,-3.896720363614284977e-01
4.727005781378119664e-01,-3.619041765955632872e-01
-4.601093339901616286e-01,-3.815631872327672758e-01
-6.641307498302748830e-03,-4.013383017840481126e-01
2.910544243305456229e-03,-3.672835276143293637e-01
5.072288294274775178e-02,-3.835164366202522546e-01
4.556812905369372890e-01,-3.806488195861593704e-01
-4.554050030667552429e-01,-3.681095758930287287e-01
7.333091641707324415e-01,-3.685606677333468362e-01
-4.598073973587614716e-01,-3.871861357406402582e-01
-7.347652582731585280e-01,-4.078617071993044241e-01
4.536603376426329159e-01,-3.811593465497395972e-01
-4.555505476140140342e-01,-3.825376668601563335e-01
7.275764541154242648e-01,-3.895852154661906819e-01
4.370493771906291403e-01,-3.822949807712071602e-01
-7.205761746205597840e-01,-3.654527947986837555e-01
4.482589496212075475e-01,-3.780661368368489206e-01
-4.433688235260658250e-01,-3.766096422938191024e-01
7.116478719153426225e-01,-3.815411111682843193e-01
-4.192309475568807842e-01,-3.989995676094221233e-01
-7.116072055426976295e-01,-3.861583226068500130e-01
4.310078801131758675e-01,-3.962528361715265679e-01
-7.061461573412386450e-01,-3.961484547889979058e-01
4.597952876181905513e-01,-3.988883828615644722e-01
-4.431988952975634000e-01,-3.769081151811464747e-01
7.393890479874308808e-01,-4.182961254423933073e-01
4.438050456582227632e-01,-4.265918076739810272e-01
-7.181252772340914747e-01,-4.013846397260046883e-01
7.096421134865245062e-01,-4.024673189677769325e-01
-4.258891864031903451e-01,-4.189127949799706374e-01
7.152023367183535374e-01,-4.020617492826911166e-01
4.216476448984748382e-01,-4.125819341820202157e-01
-7.273737209294767192e-01,-4.331300239708303912e-01
4.304791122458202501e-01,-4.168416528327275605e-01
-4.417419325947059550e-01,-4.164499246450518166e-01
7.164489600527951252e-01,-3.984377983415687829e-01
-4.292775758441437772e-01,-4.018739140672807908e-01
7.332298267503781775e-01,-4.303219457629517963e-01
4.187885521027930325e-01,-4.202111444269210905e-01
-7.118397172407974205e-01,-4.102146641730539667e-01
4.105373069082456916e-01,-4.271171074446679095e-01
-6.834544906167654421e-01,-4.376857511076231444e-01
4.000053305800002623e-01,-4.079485042097101832e-01
-4.197275378418174885e-01,-4.229748904461814174e-01
7.052267485534053915e-01,-4.251009543022923332e-01
-4.013457553455906379e-01,-4.270151673016260307e-01
7.015954821399159602e-01,-4.290126736753133718e-01
-3.953546125148066359e-01,-4.354256947654268073e-01
-6.923371904012490807e-01,-4.236577473487930789e-01
4.082960936768791904e-01,-4.436186519680965779e-01
-6.962598803746576914e-01,-4.637668438715997210e-01
4.067528079885110448e-01,-4.389370235710682300e-01
-3.946000082145221244e-01,-4.208245473690297445e-01
6.798455543794541533e-01,-4.466647655571691633e-01
-3.858532413788878235e-01,-4.349009457577880933e-01
6.884828385369454740e-01,-4.421990972082845972e-01
-3.954743476218364751e-01,-4.435542921392767179e-01
6.881121418220066399e-01,-4.549119696698493698e-01
-3.783748062193980077e-01,-4.584700632975444168e-01
6.899229307866540095e-01,-4.442568980692108149e-01
3.778154514627058425e-01,-4.552937284312147392e-01
-6.797488626676060353e-01,-4.370090040342686777e-01
3.868530537425086124e-01,-4.600363329009277691e-01
-6.938239032819637497e-01,-4.578973863030753044e-01
3.847115867058111816e-01,-4.504328681340642460e-01
-3.800699331547796600e-01,-4.645052165798142507e-01
6.794109878377465606e-01,-4.758201732897728298e-01
-3.733456364568354391e-01,-4.520101103532186970e-01
6.913016460270874353e-01,-4.696270970486962626e-01
-3.537944680660652375e-01,-4.591140851013967850e-01
6.785719609357442339e-01,-4.700787216318228490e-01
-3.470094411847526872e-01,-4.596176687697891561e-01
6.840033562720795324e-01,-4.705240592235217512e-01
3.582656670916044006e-01,-4.760206442027277163e-01
-6.818797720613616331e-01,-4.554547840300078865e-01
3.759748651218076665e-01,-4.632702665256813734e-01
-6.576839035331991656e-01,-4.862338823833393109e-01
3.579065327397426000e-01,-4.742332978648429731e-01
-6.599916992432612872e-01,-4.610857456029908152e-01
3.580091375451703861e-01,-4.904486934313168622e-01
-3.519567968199648900e-01,-4.701855326694167059e-01
3.552529450309752646e-01,-4.742467357865091104e-01
-6.755723364875304560e-01,-4.590319180670311972e-01
3.410403392565557468e-01,-4.807156983212745316e-01
-6.837038246961684163e-01,-4.705365952672244667e-01
3.550993717529334348e-01,-4.758013573925093942e-01
-3.405492222340470998e-01,-4.794072376425779214e-01
6.728912411785998859e-01,-4.795926998104443895e-01
-3.242677249741570678e-01,-5.020611245385062649e-01
6.685434331694298793e-01,-4.803668156993370908e-01
-3.170544549588324990e-01,-4.914832665388628730e-01
6.723164352349437767e-01,-5.093660525169876330e-01
-3.321987351827818125e-01,-5.024785704794392238e-01
-6.559241685372135811e-01,-5.040173332943261864e-01
3.190306272040659419e-01,-4.858905045776120701e-01
-3.242199118842740702e-01,-5.181303345892381840e-01
6.525643027595626755e-01,-4.958384606304760411e-01
-3.060920301973947266e-01,-4.935964291445952279e-01
6.626541351279352510e-01,-4.895012824016211073e-01
-2.972373109427178806e-01,-5.025927907128457939e-01
6.543205475577790198e-01,-4.929044188540072091e-01
3.097853140874551880e-01,-5.131740613301624121e-01
-6.326121505718660387e-01,-5.068267694271325619e-01
3.175633695080365970e-01,-5.192416153982555294e-01
-3.017567975815717007e-01,-5.101141061980434266e-01
2.962817744411260779e-01,-4.842080091038228340e-01
-3.038318070596579545e-01,-4.867217959230332180e-01
3.084876361523490318e-01,-4.965783024776265209e-01
-6.288135714381516417e-01,-5.239707206008302753e-01
2.882973609853776153e-01,-5.135117344187529742e-01
-6.179803429874952680e-01,-5.109361731919127569e-01
2.840283153421484519e-01,-5.242743827728578720e-01
-6.109473080171576864e-01,-5.214208244987582619e-01
2.708185318815293785e-01,-4.896440405607770385e-01
-6.570867419905399576e-01,-5.268089487500376977e-01
2.675345913458475056e-01,-5.168595227779099188e-01
-6.422169055050197528e-01,-5.363582281532995877e-01
2.767385959072036772e-01,-5.522290203095010508e-01
6.294773914939583159e-01,-5.202213355555062035e-01
-2.563100442132127954e-01,-5.441304170520340211e-01
6.319926398112555299e-01,-5.140259664245776516e-01
-2.492920571665857843e-01,-5.389064493263368005e-01
6.336324434463078692e-01,-5.267868809961182563e-01
-2.676956248777241365e-01,-5.173676555433841528e-01
2.654438720868663171e-01,-5.373356994139657505e-01
-6.243439953428899791e-01,-5.376009764349979347e-01
2.514589927288448101e-01,-5.312192042864329888e-01
6.364174098144963487e-01,-5.289290556677630484e-01
-2.387292461541426492e-01,-5.595913334642141912e-01
6.116329675417635503e-01,-5.252940731349634573e-01
-2.356668799580170781e-01,-5.244535638433167613e-01
2.306422332596667624e-01,-5.662562635071856088e-01
-6.261188148565616229e-01,-5.360537465171858473e-01
-2.263830569621814448e-01,-5.454557786324337743e-01
6.055233662988336318e-01,-5.583437806091715583e-01
-2.190290801937886389e-01,-5.336197452753839165e-01
2.217318701923726154e-01,-5.391876971863368562e-01
-6.204880203501403901e-01,-5.316501843337698707e-01
-2.283166535438333200e-01,-5.570683843990228423e-01
2.185480153904522660e-01,-5.699225896542695624e-01
-6.017496873608015884e-01,-5.602002535805103989e-01
2.004530340746971395e-01,-5.470116140722333098e-01
6.221267374253131033e-01,-5.438195928074142094e-01
-2.097488642553546334e-01,-5.464833067452246063e-01
2.123009197064943954e-01,-5.626060719496617235e-01
6.127632851906069655e-01,-5.689101564714051928e-01
-1.919409198552091411e-01,-5.509939434390785928e-01
1.899873565074960691e-01,-5.699324425290620555e-01
-5.973299449822784268e-01,-5.522461256310502442e-01
-2.007447973084530712e-01,-5.380447755382102848e-01
2.066473272665401151e-01,-5.507525882098878167e-01
-5.879651952324490560e-01,-5.839036936731084593e-01
-1.723913461236204481e-01,-5.470948500456422892e-01
1.858600771132611351e-01,-5.505448614138307439e-01
-5.971104295381222116e-01,-5.432648023958021044e-01
-1.740026879021358552e-01,-5.821663434033582663e-01
1.900284161953033901e-01,-5.935178646078141940e-01
6.021249344564464367e-01,-5.785077101667629451e-01
-1.626785490644760968e-01,-5.620262738994117324e-01
1.634707397158895459e-01,-5.578015340165831670e-01
5.976920509445490248e-01,-5.475180471117535586e-01
-1.778079751069627512e-01,-5.449812847151115358e-01
1.584239181858893286e-01,-5.764635680784321314e-01
1.829963176056687013e-01,-5.731501347407669256e-01
-5.737217842377078103e-01,-5.663525901502205473e-01
-1.415435855113524877e-01,-5.666979629600574775e-01
1.651796058179887949e-01,-5.824094422247662051e-01
5.917922631426105751e-01,-5.575717043176666721e-01
-1.440966981257057189e-01,-5.598676290872051098e-01
-1.241730395718439461e-01,-5.768941141620325119e-01
1.470284202862788270e-01,-5.802606460358276097e-01
-5.879773120632902916e-01,-5.731533661820149561e-01
-1.392665422584553059e-01,-5.880117484346636392e-01
1.179651820511770088e-01,-5.823457352296622647e-01
1.521581421788132660e-01,-5.875010463530405680e-01
-5.650454684106551717e-01,-5.829684793342210236e-01
-1.208613864045253589e-01,-5.664971469965590645e-01
1.142303350899551290e-01,-5.916015571700532494e-01
1.514265659638020511e-01,-5.902687067202553317e-01
-5.797666348654250124e-01,-6.048706092104099152e-01
-1.140331127183409066e-01,-5.835694722818640656e-01
-7.782615763664180175e-02,-5.826565399385681410e-01
1.105270850250503201e-01,-5.749593529373978607e-01
5.893634414045526571e-01,-5.770717560523729306e-01
-1.010468198112638438e-01,-6.152988857569198222e-01
-8.370742892057998763e-02,-6.001668770177147616e-01
6.972110928103114613e-02,-5.744388260133191926e-01
1.118376070020313529e-01,-5.954307356714221289e-01
1.175674107968110310e-01,-5.578858531010106869e-01
-5.738727805120200642e-01,-5.862856070772147765e-01
-6.512385110019722201e-02,-5.661626913780161141e-01
-4.726571640015831549e-02,-6.010512468331170588e-01
5.403187382933005017e-02,-6.147713466562827467e-01
8.203253982818212164e-02,-6.150141913395603677e-01
1.139527852006076980e-01,-5.775445064495369207e-01
-5.689334789105487955e-01,-6.020368771566670940e-01
-6.762851017075971471e-02,-5.987862368812647551e-01
-4.768445511515101431e-02,-5.950423458080197348e-01
-2.228690257339852737e-02,-5.779716042290020672e-01
1.216030177625957755e-02,-5.927416220689808446e-01
1.487204697983384588e-02,-6.091714275877925244e-01
5.888873634072491065e-02,-5.827300606095849878e-01
8.617795804658029413e-02,-5.801202702865829730e-01
-5.667403353476961891e-01,-5.516818229696737186e-01
-4.810460511133542866e-02,-5.789046312997184751e-01
-2.930275863019334015e-02,-5.701128862677958820e-01
2.711370889279871802e-03,-5.850098360512797635e-01
1.855312070675592742e-02,-6.088365492326514028e-01
5.297029984537027919e-02,-5.950223207270115555e-01
5.782005920050279357e-01,-5.793957028329065340e-01
-2.310516925782559426e-03,-5.738628184544803945e-01
5.540734987692044200e-01,-6.051417778342988996e-01
5.620261303420183152e-01,-6.089764365043892624e-01
5.756508012470122893e-01,-6.006861721356518968e-01
5.575829209444256307e-01,-6.238051994182737259e-01
5.578203379233427350e-01,-6.036341770274443741e-01
5.566013201370573205e-01,-6.085971930981852740e-01
5.569941838013344748e-01,-5.924585244666866757e-01
5.575007925792824226e-01,-6.022054367133374830e-01
5.446369163354856102e-01,-6.099340472255421197e-01
5.466992496894514941e-01,-6.245917028733796172e-01
5.259687360067554218e-01,-6.316043073457916490e-01
5.349323118878844818e-01,-6.188102833885810172e-01
5.240877646228301323e-01,-6.279434779736262628e-01
-5.206046816253464549e-01,-6.295618951203088010e-01
-5.158815781708657733e-01,-6.445843270841443706e-01
-5.276149846472010241e-01,-6.436530122754119398e-01
-5.140518531226091481e-01,-6.352193079992787261e-01
-5.124843543974934024e-01,-6.188404625152146288e-01
-5.264683761652098060e-01,-6.469300897705129172e-01
-4.891152440896004427e-01,-6.179048225128264127e-01
-4.932413295740211145e-01,-6.347411114959669032e-01
-4.866861275327860614e-01,-6.499748630085593337e-01
-4.874861708315571529e-01,-6.637777091883680924e-01
-4.875982821611659634e-01,-6.552744726371498851e-01
4.965654282274128417e-01,-6.545850985262695598e-01
4.902532655921230664e-01,-6.700042057467439083e-01
4.879936404140444717e-01,-6.744344111275929476e-01
4.889926456433882351e-01,-6.521348699360350887e-01
4.713676532218957771e-01,-6.820472879275564226e-01
4.805356777139568880e-01,-6.809222102041561087e-01
-4.690716193403776102e-01,-6.841753403499313269e-01
-4.877716631267119407e-01,-6.948299347352846489e-01
-4.842555955541761326e-01,-6.722679616725308893e-01
-4.869894591012258744e-01,-6.791097266802129662e-01
-4.809586892736756880e-01,-6.740445681629613217e-01
4.705506305311643045e-01,-6.850236156159263956e-01
4.598401694461374256e-01,-6.997327096796994716e-01
4.364029161792931655e-01,-6.893320766612366368e-01
-4.328283300107193532e-01,-7.018298917494916189e-01
-4.532327722875828524e-01,-6.879572623307607104e-01
-4.334751467670452940e-01,-6.911528281408498842e-01
4.677081221995496030e-01,-6.884200432144528259e-01
4.461116562772590721e-01,-6.801088059268485253e-01
4.389219206114438054e-01,-6.987996717254270074e-01
-4.238057358835030097e-01,-6.882952595655109640e-01
-4.432988787641862771e-01,-7.209595576810196027e-01
4.209563331878576342e-01,-6.983700663288608945e-01
4.017386181553578295e-01,-7.230383572872276510e-01
-4.159840657252356633e-01,-7.185596236140139315e-01
-3.949352101278525429e-01,-7.252074669185837319e-01
4.295868644683341064e-01,-6.937500610586516681e-01
4.040589756214301720e-01,-7.288413184953022039e-01
-3.984388026777309078e-01,-7.147178891546169810e-01
-4.114434942489906266e-01,-7.093958391154515652e-01
4.157925703900661185e-01,-7.317215874165989842e-01
3.845716068478525762e-01,-7.197817347273011146e-01
-3.957139812848837201e-01,-7.340835166247773325e-01
3.901268778084476807e-01,-7.204741121772038071e-01
3.608851000634570316e-01,-7.574457952090584145e-01
-3.717008805397357674e-01,-7.506091092813356180e-01
3.840608787606899499e-01,-7.211241470688833921e-01
3.745216806757945549e-01,-7.169369760893953281e-01
-3.595225564982290067e-01,-7.524586086583144873e-01
-3.722740848366279942e-01,-7.344604857425689470e-01
3.675072718019632423e-01,-7.201605015635130780e-01
-3.459278127703637185e-01,-7.492937035808577839e-01
-3.549728614064484589e-01,-7.423290960142195916e-01
3.627865588525534535e-01,-7.462724222262030471e-01
3.621367343070485134e-01,-7.359911372747017788e-01
-3.281737888697238703e-01,-7.525202657494299840e-01
-3.250858067059725354e-01,-7.394870626390602775e-01
-3.161306016027684573e-01,-7.660251497016355993e-01
3.326589513178414004e-01,-7.699055006668132917e-01
3.262364383482237451e-01,-7.611452263692031206e-01
-3.082544318774104730e-01,-7.697473016546635405e-01
-3.144590966908192842e-01,-7.622052563549840398e-01
3.085348820878160980e-01,-7.591396657225910616e-01
-2.949526014705777244e-01,-7.643520057447729110e-01
-2.890403438031814987e-01,-7.441772911768348431e-01
2.967907188974097110e-01,-7.661446568722980466e-01
-2.961751357659596628e-01,-7.720328687538113854e-01
3.048798959104367379e-01,-7.821698457538358573e-01
2.605390296302287356e-01,-7.651952553538219348e-01
-2.959560422046220163e-01,-7.884368488919965001e-01
2.940919486017629092e-01,-7.902633384397275140e-01
-2.767559116961178511e-01,-7.783743898370050207e-01
2.759140365947573281e-01,-7.750555719624880879e-01
-2.590940913950238178e-01,-7.916532132201870020e-01
2.730390446593059517e-01,-7.774103591628186427e-01
-2.435823936654748501e-01,-7.820173855380573302e-01
2.734805084846477774e-01,-8.178060996472369393e-01
-2.236594727549727213e-01,-7.774152798454287971e-01
2.428875427549108401e-01,-7.997985928475093154e-01
-2.129750223416082555e-01,-8.023469292912089879e-01
2.590814221593790156e-01,-7.747203798346171677e-01
-2.053872755376915937e-01,-7.778402642007478107e-01
2.459122543949354978e-01,-7.847423383122946738e-01
-2.158819854373543456e-01,-7.807132531231907313e-01
2.234140201567744455e-01,-7.889424567788599907e-01
-2.192866135284560480e-01,-8.019011480915607670e-01
2.095765807438251804e-01,-7.751108887642652601e-01
-2.144000976637183975e-01,-7.825010698619272453e-01
-2.027694309302204290e-01,-7.986212537713709425e-01
2.086060484075612509e-01,-7.763093598444100740e-01
-1.916156402621024823e-01,-8.031734223302581244e-01
2.075683233671651307e-01,-8.136351016117551183e-01
1.948647731217418855e-01,-8.031216215925742752e-01
-1.716942558348152348e-01,-8.086511757917594911e-01
1.817681976593571169e-01,-7.871194709994082661e-01
1.869075334758857898e-01,-7.855598851494995927e-01
-1.643528859184327229e-01,-8.109209066094652529e-01
1.555075628030810064e-01,-8.072904150640394239e-01
1.818774357185107826e-01,-8.159309382212385220e-01
-1.556010078864788482e-01,-7.793373208559420950e-01
1.434145633698575562e-01,-8.035807209721127498e-01
1.746644621324970892e-01,-7.947410370731894380e-01
-1.612342423579588291e-01,-8.199608601520472773e-01
-1.136291117786615429e-01,-8.074879174255674696e-01
1.361918586931435693e-01,-7.858264421218174034e-01
1.736066866730638925e-01,-7.900910818126676283e-01
-1.396758981368166064e-01,-8.112833172983969776e-01
-8.292773527602262384e-02,-8.357611827379614056e-01
1.209203949509230214e-01,-8.094025852277292321e-01
-1.149087833842833001e-01,-8.087888426979562562e-01
-1.226746061621366291e-01,-8.427986769304364190e-01
-8.529968592097927904e-02,-8.270541508167232880e-01
1.220520551481280025e-01,-8.143498677479392711e-01
1.322202740699116585e-01,-7.881680325398315867e-01
-8.075157610399397168e-02,-8.106370310075677876e-01
-6.754904342798030703e-02,-8.265339868243160026e-01
-4.828287246719655673e-02,-8.298179593101466800e-01
7.295145322564718093e-02,-8.261100918561035122e-01
9.905618831027786231e-02,-8.074043755703144143e-01
1.218167100508077555e-01,-8.232273417737820953e-01
-5.987521895479160083e-02,-8.227011853666814645e-01
-3.561650372925322106e-02,-8.273926014240364779e-01
-3.347288803376576721e-02,-8.179188476996550605e-01
-8.196162490466139816e-03,-8.092917295303065917e-01
2.420404711506042583e-02,-8.158780992903804652e-01
5.002697499978557560e-02,-8.263129101604429483e-01
5.668009331813710083e-02,-8.259959047434437540e-01
8.811444872488308211e-02,-8.218153826411086493e-01
-7.397877190833615502e-02,-8.322127546799209519e-01
-5.623800785531876678e-02,-8.102771132138465449e-01
-1.483437754802172104e-02,-7.999453211567837396e-01
-2.139674701737764514e-02,-8.392747256930367383e-01
1.464984418966408519e-02,-8.150060708769372164e-01
4.119819292287608264e-02,-8.152993678226304608e-01
5.264694922551878958e-02,-8.097692031591408046e-01
-9.283230299578025535e-03,-8.262481435859543311e-01
2.288684063071590169e-02,-8.203896786046536160e-01
2.150849802512219688e-02,-8.161231838550941919e-01
