-2.984135745404921103e-01,-3.948474237118558827e-01
-3.345495871202218141e-01,2.615807903951975488e-01
-3.339388056152872153e-01,2.480740370185093857e-01
-3.396491059360167708e-01,2.705852926463231389e-01
-3.555248175339338901e-01,-3.660330165082541498e-01
-3.869074560039635347e-01,-7.973486743371686059e-01
-2.968309284370274082e-01,7.685342671335667619e-01
-3.751626724811235047e-01,8.225612806403203026e-01
-4.104180632298415343e-01,-3.066033016508253883e-01
-3.599662955289479327e-01,4.587793896948474393e-01
-3.147612010901020829e-01,2.741870935467735082e-01
-3.429198098266101336e-01,5.164082041020511271e-01
-3.192708602140374441e-01,4.317658829414706689e-01
-3.574335610248362549e-01,6.802901450725363786e-01
-3.725549697113874625e-01,-2.309654827413706313e-01
-3.358216289586912207e-01,2.354677338669334263e-01
-3.620383696036226784e-01,8.396698349174588349e-01
-3.391877951764620813e-01,-5.551275637818908759e-01
-3.746104021911286219e-01,-8.612806403201600514e-01
-3.072849086783171479e-01,-5.020010005002502051e-01
-3.639858161290966398e-01,-1.877438719359679764e-01
-3.458298299863546976e-01,3.588294147073537443e-01
-3.687281624506497657e-01,3.579289644822410965e-01
-3.828531042763057557e-01,7.982491245622812537e-01
-3.856294343608330788e-01,-4.695847923961981030e-01
-2.509419506579569359e-01,7.073036518259129268e-01
-3.417697579720838652e-01,-8.059029514757376500e-02
-3.365150457896522451e-01,-2.678839419709855285e-01
-3.569412196573207297e-01,7.100050025012506483e-01
-3.696360499357225216e-01,-4.830915457728864326e-01
-3.678292443389549748e-01,8.045522761380691223e-01
-4.200207541506567610e-01,-6.712856428214106774e-01
-2.770063787767328423e-01,8.153576788394197861e-01
-2.997246367361684483e-01,-6.820910455227613411e-01
-3.026697007761105507e-01,8.288644322161081712e-01
-2.816107226234329519e-01,-1.670335167583791858e-01
-2.571809147214568214e-01,5.227113556778389958e-01
-3.755119386036703255e-01,-6.388694347173586863e-01
-3.758091772433059807e-01,3.804402201100550718e-01
-2.793550415939576315e-01,-8.162581290645323229e-01
-3.514283901956425926e-01,-5.830415207603801830e-01
-3.136411680556274173e-01,-8.927963981990996167e-01
-3.203410978786520036e-01,8.882941470735369327e-01
-3.348973344276454656e-01,-5.065032516258128892e-01
-3.032168725967717693e-01,-8.099549774887443432e-01
-2.585809845397383233e-01,8.779389694847428149e-02
-2.669742017920222477e-01,-5.785392696348173880e-01
-3.323977846720915230e-01,-3.408204102051025641e-01
-3.271385121213361558e-01,2.498749374687344593e-01
-3.260222537435213397e-01,2.660830415207603439e-01
-3.466108832665033002e-01,4.515757878939469228e-01
-3.085603825635470088e-01,3.318159079539769740e-01
-3.395052461589679882e-01,3.714357178589294817e-01
-3.745227061448649919e-01,3.466733366683338868e-02
-3.219201436166369557e-01,-3.687343671835917602e-01
-3.819418555662608128e-01,7.487243621810905081e-01
-3.218138245932362640e-01,-7.788894447223615458e-02
-3.224425569434458128e-01,2.174587293646824682e-01
-3.484869115700731657e-01,2.759879939969985818e-01
-3.456243150108002093e-01,8.477738869434717772e-01
-2.925806032670692503e-01,1.436218109054526737e-01
-3.301540248498857633e-01,-4.011505752876438069e-01
-3.177982239211257776e-01,7.532266133066533031e-01
-3.467218174357587501e-01,8.783891945972986948e-01
-3.812189416650194618e-01,4.461730865432717019e-01
-2.869677551201604837e-01,5.884442221110556259e-01
-3.567805894691604141e-01,4.277138569284644198e-02
-3.589498687891402029e-01,-6.784892446223111939e-01
-4.200906277934433053e-01,-2.750875437718859340e-01
-3.126431761171926671e-01,-7.406203101550775658e-01
-2.865825848481245441e-01,8.792896448224113426e-01
-2.984493339680357460e-01,3.210105052526263103e-01
-3.318094879804033281e-01,2.561780890445223280e-01
-3.256985237115488374e-01,-8.450725362681340558e-01
-3.256640526574214878e-01,1.350675337668860720e-03
-3.322429308960213046e-01,-2.633816908454227335e-01
-3.792035979616474872e-01,-3.444222111055528224e-01
-3.666168555759729553e-01,2.309654827413706313e-01
-3.534382752968028840e-01,4.380690345172587596e-01
-3.483587666373031966e-01,4.470735367683841277e-01
-3.037028509140946575e-01,4.983991995997999469e-01
-3.818966368696335989e-01,2.642821410705352703e-01
-2.871041822740881266e-01,-2.687843921960980653e-01
-3.659472555936649218e-01,1.364182091045523793e-01
-3.112600312453550622e-01,-8.936968484242121535e-01
-3.219780048540361594e-01,-6.577788894447224033e-01
-3.482230345227110280e-01,7.937468734367184586e-01
-3.795672117506498355e-01,-4.875937968984492277e-01
-2.957846363517314670e-01,2.386193096548272496e-02
-3.955418598110032047e-01,-9.859929964982494521e-02
-4.285645780314206177e-01,-3.466733366683338868e-02
-3.870839691760381562e-01,-1.004002001000500188e-01
-3.911216294647489322e-01,6.307653826913456330e-01
-3.788222538948862739e-01,7.622311155577788933e-01
-3.889031683548349050e-01,4.007003501750883157e-02
-2.936513389011026209e-01,2.543771885942972544e-01
-2.818252285090422360e-01,1.652326163081540011e-01
-3.288360166300547949e-01,-6.109554777388694902e-01
-3.223790470564460442e-01,-6.298649324662330962e-01
-3.417071422684722637e-01,-2.183591795897948939e-01
-4.128727630456383579e-01,1.823411705852927556e-01
-2.834872623761919286e-01,2.138569284642320989e-01
-3.745145898024153652e-01,-5.434217108554277864e-01
-3.072968448746551950e-01,-3.894447223611805509e-01
-3.714544247593019599e-01,2.453726863431716643e-01
-3.152412145448743042e-01,2.318659329664832791e-01
-3.487970149215943727e-01,2.237618809404703368e-01
-2.688447949324188624e-01,-8.621810905452726992e-01
-2.988733325918297989e-01,5.627813906953482714e-02
-3.596740419845684822e-01,-4.326663331665833168e-01
-3.443520418685604434e-01,-2.723861930965482125e-01
-3.296245717146234488e-01,4.560780390195097178e-01
-4.126635194780161608e-01,-3.759379689844922767e-01
-3.468673596602865339e-01,3.939469734867434569e-01
-3.244679245488775732e-01,4.907453726863431065e-02
-2.978626990099046967e-01,-2.102551275637818406e-01
-2.701234012828028774e-01,-1.742371185592795912e-01
-3.683989021513117690e-01,6.712856428214107885e-01
-3.244023587728752100e-01,8.171585792896448597e-01
-3.662992674874248622e-01,-5.902451225612805885e-01
-3.571715666624848406e-01,3.327163581790896218e-01
-4.203350866248518058e-01,7.001000500250126324e-01
-3.070410514842034089e-01,-2.669834917458728807e-01
-3.312503995703662829e-01,7.919459729864933850e-01
-4.084448320853955039e-01,4.101550775387693415e-01
-2.840706438360057207e-01,-4.200600300150075239e-01
-2.932655419821141862e-01,5.110055027513756842e-01
-4.058654944954815935e-01,7.068534267133563809e-02
-3.175549076502882651e-01,6.559779889944973297e-01
-4.062381005161797010e-01,2.570785392696347538e-01
-3.891743658491195190e-01,-1.922461230615307715e-01
-3.444476622804610866e-01,-3.255127563781891054e-01
-3.890229581570879835e-01,-4.902951475737868936e-01
-3.954660896320166263e-01,7.712356178089044834e-01
-3.270133478137946526e-01,-2.858929464732365977e-01
-3.267605185642723509e-01,3.003001500750376307e-01
-3.660292662369664107e-01,7.307153576788395499e-01
-3.207614293301730424e-01,-8.549774887443721827e-01
-2.375878126472508733e-01,2.876938469234616713e-01
-3.023022836027718374e-01,-3.849424712356177558e-01
-3.043306849190382524e-01,9.949974987493748202e-02
-4.031924752347304519e-01,8.738869434717358997e-01
-4.489809035937301629e-01,-3.885442721360680141e-01
-2.941285330899939821e-01,7.604302151075538196e-01
-2.787574743964398860e-01,6.244622311155577643e-01
-3.122655918362563510e-01,-4.461730865432716464e-01
-3.261763258272475929e-01,1.589294647323661325e-01
-2.929997651607820219e-01,7.793396698349174256e-01
-3.294588941519286385e-01,-8.693846923461731047e-01
-3.670962328758818893e-01,-1.220110055027513463e-01
-2.953627841604630211e-01,1.940470235117558451e-01
-3.866327627920548848e-01,-3.165082541270635152e-01
-2.680956058690731059e-01,1.895447723861930500e-01
-3.725265707693599659e-01,-4.281640820410205217e-01
-2.642578957444940979e-01,1.877438719359679764e-01
-2.929633726272189431e-01,5.578289144572287084e-01
-3.109999570316695494e-01,-6.361680840420209648e-01
-4.095886375274686575e-01,8.594797398699350888e-01
-3.436029300810471421e-01,8.504752376188094987e-01
-3.773808776732775483e-01,6.694847423711857148e-01
-3.366286737897850045e-01,2.030515257628814352e-01
-3.210587243342535868e-01,7.577288644322160982e-01
-4.246423248594193289e-01,-7.608804402201096995e-02
-3.455850445133221149e-01,7.406203101550775658e-01
-3.317822699714356727e-01,-4.938969484742370963e-01
-2.328029262943556166e-01,4.245622811405703745e-01
-4.623080725866484664e-01,8.558779389694847195e-01
-3.208906604147394037e-01,7.091045522761382225e-01
-3.022738852445266966e-01,2.129564782391196731e-01
-3.482172305484617092e-01,3.093046523261632208e-01
-2.703247238899366689e-01,-8.855927963981991002e-01
-2.500227981094873542e-01,-8.419209604802402325e-02
-3.367341496971003045e-01,1.166083041520761254e-01
-3.578151732539027741e-01,6.460730365182590917e-01
-3.755100536822290613e-01,-2.930965482741371142e-01
-3.676290626582425780e-01,-8.540770385192596459e-01
-3.722322956359958024e-01,2.516758379189595329e-01
-3.272187512714471724e-01,4.263631815907954481e-01
-3.002779858314905126e-01,-5.713356678339169825e-01
-3.311917678146161781e-01,-8.423711855927964454e-01
-3.583779314577782982e-01,1.715357678839420918e-01
-4.356919244915546940e-01,-3.399199599799900273e-01
-3.152578685689756410e-01,-3.714357178589294817e-01
-3.075288180628250601e-01,-5.767383691845923144e-01
-3.559524362985054813e-01,-2.993996998499249829e-01
-3.513493925166771281e-01,4.776888444222110452e-01
-2.510690926058631312e-01,-2.408704352176087582e-01
-2.706270433684906385e-01,7.478239119559780823e-01
-3.572038053737004448e-01,5.695347673836917979e-01
-3.189651801556132038e-01,3.993496748374186778e-01
-3.134826424699973524e-01,-6.379689844922461495e-01
-4.289915347079087948e-01,4.236618309154577267e-01
-3.319259594882481013e-01,-7.235117558779389224e-01
-2.870177702986975166e-01,2.336668334167083527e-01
-3.094390995738509065e-01,-1.229114557278638831e-01
-2.998552449490854976e-01,-4.263631815907953926e-01
-3.371998816733392523e-01,3.633316658329165394e-01
-3.224924251891699289e-01,-3.624312156078038916e-01
-3.165322828446638925e-01,5.803401700850424616e-01
-3.997453429757034660e-01,2.777888944472236554e-01
2.150030696277486011e-03,-4.578789394697348469e-01
-1.325286135171642064e-03,-3.376688344172085188e-02
4.861908980490211446e-02,4.007003501750883157e-02
-3.518111840412002644e-02,1.391195597798898786e-01
2.052748490731491540e-03,1.841420710355178292e-01
-4.211617494891691654e-02,1.445222611305653215e-01
-2.599990127560960346e-02,-1.845922961480739311e-02
5.426054328200170113e-02,-2.192596298149074308e-01
9.478073476184804835e-02,-4.830915457728864326e-01
-3.764580048530372092e-02,-3.084042021010505730e-01
5.355237112840662006e-02,9.589794897448722377e-02
1.151206267540787198e-02,-4.479739869934967755e-01
-1.051624703813110601e-01,1.490245122561281166e-01
7.043097097484678215e-03,2.251125562781397527e-03
6.785712365873733387e-03,-5.695347673836919089e-01
4.999746142896262756e-03,-3.561280640320160229e-01
-9.386530034823322745e-04,-8.027513756878439377e-01
1.322243407501650227e-04,3.948474237118558827e-01
8.715002826770411326e-02,-8.630815407703852360e-01
5.974810406503629212e-02,6.199599799899949693e-01
1.658010407922530863e-02,-6.343671835917958912e-01
3.504828993345020932e-02,6.577788894447224033e-01
-8.679380856642998632e-02,-5.425212606303151386e-01
-3.625740560020443426e-02,5.326163081540770117e-01
1.660899428144529998e-03,-4.983991995997998914e-01
-1.855242955426119125e-02,-1.760380190095047759e-01
1.426265446132403934e-03,-5.092046023011504996e-01
-3.064896666032407291e-02,2.566283141570790960e-02
1.265362963681118755e-03,7.820410205102551471e-01
2.428775705152788969e-02,2.372686343171587220e-01
2.159828166694638049e-02,8.261630815407704498e-01
-4.795727037574066751e-03,-4.056528264132066020e-01
1.001211746848524112e-02,-3.903451725862931987e-01
1.005638461237814106e-02,3.093046523261632208e-01
-6.603228735143014394e-02,-3.912456228114057355e-01
-1.832919822990329919e-02,-5.137068534267132947e-01
2.194847779782995584e-02,2.246623311655827626e-01
4.183610480571203077e-02,8.689344672336174469e-02
-2.345517238886431211e-02,-5.357678839419710570e-02
2.090668625902694297e-02,-5.029014507253626309e-01
-3.733413590031196133e-02,4.713856928464231766e-01
-4.900960476980655706e-02,6.528264132066030623e-02
1.511599540918432370e-02,7.982491245622812537e-01
-7.229597792853935390e-02,-5.074037018509254260e-01
-5.379501032604899757e-02,6.316658329164582808e-01
1.337743524026862099e-02,-3.921460730365182723e-01
-1.302619771431697861e-02,1.715357678839420918e-01
4.498033858472120367e-02,3.246123061530766796e-01
-5.728644973163257020e-02,8.324662331165583185e-01
-5.553971030020261879e-02,-4.587793896948474393e-01
8.827729883905650887e-02,7.307153576788395499e-01
-2.881767284353697195e-02,-8.612806403201600514e-01
9.644658305961607142e-03,8.054527263631815481e-01
-3.806798786061877174e-03,-3.066033016508253883e-01
2.500468772834240141e-02,-4.569784892446223101e-01
-1.336158076118965261e-02,-7.982491245622811427e-01
7.799044388816804042e-03,-3.300150075037519004e-01
-4.241322298569974447e-02,-5.767383691845923144e-01
1.471464520896377266e-03,-8.234617308654327283e-01
3.733870434518873384e-03,8.648824412206103096e-01
2.615170845557271764e-02,7.406203101550775658e-01
-4.613174240750129301e-02,2.426713356678339428e-01
1.840564543751251753e-02,-1.697348674337167962e-01
-1.123703447559286188e-02,2.993996998499249829e-01
-9.728779525616729348e-05,-4.353676838419209827e-01
1.462224766897642601e-02,2.102551275637819517e-01
3.993198081922211956e-03,5.542271135567783391e-01
6.403464470599125324e-02,2.192596298149075418e-01
-2.372327694352831945e-02,-5.452226113056528600e-01
1.015590365935054203e-02,-4.677838919459729738e-01
5.978825274607419554e-02,-3.795397698849424239e-01
-2.801404897019408799e-02,7.064032016008005010e-01
-4.601377384930986636e-02,-8.909954977488744321e-01
2.200029022742910900e-02,7.586293146573287460e-01
2.572723226688566206e-02,-3.183091545772885889e-01
-3.544030777968373153e-02,-3.624312156078038916e-01
1.799807062521856075e-04,-4.695847923961981030e-01
-6.460952818809297116e-02,1.247123561780890677e-01
2.145426809748062977e-02,8.954977488744372272e-01
-6.973822628888884378e-02,2.093546773386693038e-01
-3.807861835815983670e-02,3.966483241620811784e-01
-5.255969949353363202e-02,-2.930965482741371142e-01
3.329418693419263636e-02,-7.145072536268134433e-01
2.827671813822182564e-02,1.665832916458231949e-02
-1.966088542524456820e-02,-2.255627813906952994e-01
7.651317935360853195e-02,2.417708854427212950e-01
5.688243494087952268e-02,-3.822411205602801454e-01
4.517179888607808502e-03,7.199099549774888862e-01
-2.772959446118833729e-02,2.786893446723363033e-01
2.259114858312023799e-02,-2.993996998499249829e-01
-2.986328914917411523e-02,3.106553276638324146e-02
-2.235500058721704916e-02,-7.073036518259130379e-01
-7.027321124870246349e-02,-5.551275637818908759e-01
-1.084471310864870523e-02,-4.731865932966483057e-01
-1.271835018297737437e-02,1.670335167583792968e-01
-2.364836338976658743e-03,-4.542771385692846442e-01
3.970989292767955134e-03,8.927963981990995057e-01
-6.274059955054135662e-02,1.913456728364183457e-01
-1.890163919832810874e-02,-6.235617808904452275e-01
1.874054668367665724e-02,8.045522761380691223e-01
3.781205977213926428e-02,2.912956478239120406e-01
-2.715717128777497651e-03,7.577288644322160982e-01
1.112464012746218998e-02,-3.390195097548773795e-01
1.470285333425809873e-02,5.758379189594798886e-01
-2.454636526030015004e-02,-2.318659329664832791e-01
5.431462163582626013e-02,-3.579289644822410965e-01
-2.145454481148091966e-02,-5.056028014007003524e-01
-3.499397957284521715e-02,6.258129064532269581e-02
1.483206939338546984e-02,-1.778389194597298495e-01
4.197768371568725426e-02,-8.000500250125062163e-01
-4.097071776200186810e-02,-3.003001500750375197e-01
9.088552084119273788e-03,1.184092046023011990e-01
-5.375992665729243877e-03,1.634317158579289275e-01
1.121434277946151831e-01,6.253626813406704121e-01
2.843233080514539005e-02,-2.633816908454227335e-01
4.429375705009259978e-02,7.361180590295147708e-01
-2.397766857819069210e-03,2.264632316158078362e-01
3.218575041199327885e-02,7.739369684842422048e-01
-2.714240940792899195e-02,1.382191095547774529e-01
2.145787256270959009e-02,4.952476238119118968e-03
-4.299979597081059202e-02,7.073036518259129268e-01
3.322795321376138811e-02,-1.562281140570285221e-01
-5.857688115657789379e-02,4.997498749374684746e-02
-2.753899240269121543e-02,7.338669334667335953e-02
-4.891483071221019996e-02,5.267633816908456890e-02
-7.522506545853868687e-02,6.978489244622310128e-02
3.079500754262420523e-02,2.021510755377690094e-01
4.212249755493237789e-03,-4.281640820410205217e-01
5.375592740033280359e-02,8.081540770385192696e-01
3.150425686500626932e-02,8.558779389694847195e-01
-6.416007071253201910e-02,-9.454727363681802998e-03
-5.579101600884529832e-02,-7.091045522761381115e-01
-6.267029148282880768e-02,7.883441720860430157e-01
-2.606190176874836201e-02,-3.016508254127059363e-02
2.573608839110999927e-02,-3.030015007503751301e-01
1.098102490732383134e-02,3.399199599799901383e-01
-2.637121773400906422e-02,-8.855927963981991002e-01
-4.528160769392609170e-02,8.144572286143071382e-01
1.299166216961503313e-02,6.433716858429215923e-01
2.047941989031736368e-02,5.807903951975990076e-02
8.846216259240490681e-03,2.390695347673837956e-01
-2.924878270124859139e-02,-8.329164582291148644e-02
-3.176146117820356605e-05,1.481240620310154688e-01
-1.870246078082409003e-02,-3.345172586293146955e-01
2.215505596224493640e-02,-4.052026013006471139e-03
-5.526937526486506297e-02,-3.426213106553276377e-01
2.483334836149650622e-03,1.193096548274136248e-01
-6.056272083854384591e-02,6.766883441720860093e-01
-3.141358143862957308e-02,-5.866433216608304413e-01
3.923810808912198307e-03,7.136068034017010175e-01
-3.899928983070711369e-02,3.525262631315658757e-01
1.179264989406330656e-02,-4.848924462231115617e-01
3.811764643155653859e-02,3.309154577288645482e-01
-7.680806326665835099e-03,3.975487743871936042e-01
-4.188403884195647520e-02,9.409704852426215016e-02
-9.710518007633403906e-03,7.518759379689843314e-02
-1.580613567213475304e-02,-5.807903951975990076e-02
2.914973909482332023e-02,-1.193096548274137358e-01
-8.513780231854686797e-02,3.336168084042020476e-01
-4.387555256595949277e-02,1.350675337668860720e-03
6.024075974996373831e-03,8.414707353676839086e-01
1.688494608683279927e-02,3.736868434217111012e-02
-2.374802836894158997e-02,-2.390695347673836846e-01
-4.264577353811031118e-02,6.136568284142071006e-01
-5.470241418531083394e-02,-8.837918959479740266e-01
2.791597494538356275e-02,5.686343171585793721e-01
-3.654759164393275167e-02,7.784392196098049999e-01
-3.403493441002959641e-02,-4.272636318159079294e-01
2.685219060702748791e-03,2.543771885942972544e-01
5.506445619801243058e-02,2.651825912956479181e-01
-2.704992379593600810e-02,6.352676338169084280e-01
-9.277041416801436874e-03,-1.305652826413206125e-02
1.626487806473701780e-02,6.798399199599802767e-02
1.271893006463172514e-02,7.937468734367184586e-01
4.434544806975149189e-02,-5.479239619809905815e-01
-9.074283253782386427e-03,6.438219109554776942e-02
7.104291073719294115e-03,7.550275137568785988e-01
-4.947829654343034733e-02,-3.840420210105052190e-01
-4.518436566315867792e-02,8.612806403201601624e-01
-3.959082899107457115e-02,-2.507753876938468851e-01
4.696358367391256089e-02,-3.210105052526263103e-01
-2.037922496089656071e-03,6.406703351675838709e-01
-5.080560262697824542e-02,-8.252626313156578020e-01
2.678632490556376311e-02,3.273136568284141790e-01
6.562239612476628535e-03,8.765882941470736212e-01
-4.154369329751414312e-03,1.904452226113056978e-01
-1.485232311903982895e-02,-7.460230115057528977e-01
2.349251423689713639e-02,5.353176588294147331e-01
7.760530862698773735e-02,-7.523261630815407663e-01
-1.090023074793260681e-02,-4.920960480240120227e-01
-1.011926108499164728e-01,-3.291145572786393636e-01
3.355270396319674775e-02,-4.218609304652325975e-01
3.618042806919102850e-02,-2.777888944472236554e-01
6.661026670220069126e-03,-3.525262631315657647e-01
1.325908492515485114e-02,-6.055527763881940473e-01
-2.695178786922004799e-02,-2.894947473736868560e-01
-5.570981075562526225e-02,-4.263631815907953926e-01
4.919182457427875160e-02,-4.038519259629814728e-01
-3.711437682677966310e-02,3.466733366683338868e-02
-2.927475198890543834e-02,8.306653326663332448e-01
2.638775594708568373e-01,-1.481240620310154688e-01
3.490529781481974680e-01,-5.371185592796398067e-01
3.353031150108933822e-01,5.479239619809904704e-01
3.511813516491924525e-01,5.578289144572287084e-01
3.139940276690192933e-01,7.775387693846923520e-01
4.347451658777728434e-01,-4.695847923961981030e-01
2.942302682265296454e-01,1.395697848924459805e-02
3.718834012439432568e-01,-6.154577288644322852e-01
3.365367295388831392e-01,-1.755877938969485630e-02
3.096959625591703125e-01,-3.016508254127059363e-02
3.322265328137800622e-01,5.983491745872936418e-01
3.524216962720738699e-01,-5.992496248124061786e-01
3.248902428987089919e-01,2.381690845422711478e-01
3.310394944901458025e-01,1.517258629314658380e-01
3.314754200511580984e-01,6.667833916958479934e-01
3.481179788389635044e-01,6.883941970985493208e-01
3.243171728901274586e-01,-6.388694347173586863e-01
3.677132099429445411e-01,-4.596798399199599761e-01
2.896256675281954074e-01,5.686343171585793721e-01
3.670890418499029861e-01,-2.813906953476738027e-01
3.372389889489533776e-01,-7.298149074537269021e-01
3.640224766165300885e-01,1.184092046023011990e-01
4.199604606006035468e-01,-6.379689844922461495e-01
3.396349242292473480e-01,-8.329164582291148644e-02
3.612466668744786502e-01,6.496748374187094610e-01
2.886830245332042688e-01,6.928964482241121159e-01
3.361631641196243248e-01,-6.784892446223111939e-01
2.685206101669476708e-01,-4.812906453226613590e-01
3.953464045851703412e-01,4.722861430715358244e-01
2.929647228250479296e-01,-6.892946473236618576e-01
3.086378164944388325e-01,-1.193096548274137358e-01
3.102471889586526088e-01,3.615307653826914658e-01
3.588454243282136469e-01,6.978489244622310128e-02
3.104932661564981378e-01,-4.092546273136568047e-01
3.214878367144360372e-01,-5.092046023011504996e-01
3.778214046665508974e-01,-7.442221110555278241e-01
3.171355264742826141e-01,5.344172086043023073e-01
3.271423025837990051e-01,4.907453726863431065e-02
3.049844688779986268e-01,-5.177588794397192107e-02
3.558968318660462593e-01,-5.677338669334667243e-01
2.977139553637612734e-01,-2.588794397198599384e-01
3.494255698209112748e-01,-4.821910955477738958e-01
3.138086137733563930e-01,-6.514757378689344236e-01
3.661246436048026243e-01,-5.713356678339169825e-01
2.993910568199903421e-01,6.442721360680340181e-01
3.684151217654039745e-01,8.234617308654327283e-01
2.983496216559825553e-01,-5.146073036518259425e-01
3.298639332580390326e-01,2.633816908454228445e-01
2.521801122838821518e-01,6.865932966483242472e-01
3.957732381403563093e-01,1.967483741870935665e-01
3.211805746587724775e-01,6.181590795397698956e-01
2.996947705470863754e-01,7.532266133066533031e-01
2.691360461032067941e-01,2.066533266633318044e-01
3.541546272369414106e-01,6.348174087043523262e-02
3.516924653124591238e-01,1.472236118059030430e-01
3.916247322313579082e-01,-7.343171585792896972e-01
3.222624981939188893e-01,-3.588294147073536333e-01
3.562795088838891511e-01,-4.938969484742370963e-01
3.345323603436335946e-01,6.649824912456229198e-01
2.828637865445546296e-01,-8.189594797398699333e-01
3.265708907342845246e-01,-4.187093546773379416e-02
2.947933762256251256e-01,6.550775387693846818e-01
2.583013112828598246e-01,6.469734867433717396e-01
3.842714976018833384e-01,1.337168584292146578e-01
3.473126665956354775e-01,6.982991495747875588e-01
3.130803831132863979e-01,6.235617808904453385e-01
3.161152082922081830e-01,-6.973986993496747999e-01
3.028762545582151522e-01,6.937968984492247637e-01
3.438472450999197072e-01,-6.775887943971985461e-01
3.005151008327072160e-01,-5.884442221110555149e-01
3.877089278187347832e-01,-8.869434717358681830e-02
3.237009691462484628e-01,-6.676838419209605302e-01
3.544273755514613655e-01,6.163581790895448220e-01
2.739846904489582902e-01,2.116058029014511455e-02
2.835647439778350987e-01,5.857428714357179045e-01
2.330205684851672232e-01,-8.117558779389695278e-01
3.460130635323507287e-01,5.830415207603801830e-01
2.990369717008084516e-01,8.648824412206103096e-01
2.798689166906438985e-01,7.307153576788395499e-01
2.580669016826727669e-01,-6.753376688344192580e-03
4.020311849001115267e-01,-5.447723861930964251e-02
2.557400307674339013e-01,6.478739369684843874e-01
3.773641304484118830e-01,8.621810905452728102e-01
3.305980131804309163e-01,-3.219109554777388471e-01
3.367642012326347301e-01,4.704852426213107508e-01
3.201269462059075366e-01,-6.118559279639820270e-01
3.182782094134046225e-01,-7.424212106053026394e-01
3.198299773786175138e-01,-8.549774887443721827e-01
3.969194383443316876e-01,4.367183591795897879e-02
3.121836112736877111e-01,5.569284642321160606e-01
3.027203281639242460e-01,1.265132566283141413e-01
3.132106791986525307e-01,-5.632316158079040402e-01
3.586098855145792852e-01,5.740370185092545929e-01
3.454035211063558597e-01,2.566283141570790960e-02
2.333069937171063091e-01,1.571285642821410589e-01
3.196757106717372232e-01,7.325162581290646235e-01
3.049817879221444206e-01,-4.083541770885442679e-01
3.618349462704855135e-01,1.350675337668860720e-03
2.783955433434399107e-01,2.075537768884442302e-01
3.310713652273348795e-01,8.149074537268641283e-02
2.739582948079084534e-01,-5.524262131065532655e-01
3.058383272300543299e-01,5.317158579289645859e-01
3.404009554899723455e-01,-5.537768884442217932e-02
3.829201283847450399e-01,-5.515257628814407287e-01
3.800039574201956594e-01,-1.346173086543271946e-01
3.210064495677608098e-01,2.165582791395698203e-01
3.745230397064476802e-01,-5.110055027513756842e-01
3.401834202480476521e-01,2.912956478239120406e-01
3.618859995037164157e-01,1.814407203601801077e-01
2.721181236589907959e-01,1.040020010005001661e-01
3.873177706886196670e-01,6.433716858429215923e-01
2.559781644511729404e-01,-5.938469234617308468e-01
3.286863657989555487e-01,-5.281140570285143276e-01
3.233569779982075065e-01,-6.528264132066030623e-02
3.011453534330585380e-01,6.802901450725363786e-01
3.283807138156427108e-01,5.524262131065532655e-01
3.457675643726797476e-01,6.262631315657828379e-01
3.375387412369771356e-01,-7.163081540770385169e-01
2.707666313053218587e-01,-5.299149574787394013e-01
2.537651665497749898e-01,8.072536268134068438e-01
3.258908206178644518e-01,-1.607303651825913171e-01
2.827763685991326881e-01,-6.226613306653326907e-01
3.154009967485427168e-01,5.605302651325664298e-01
3.262461152054182967e-01,2.228614307153576890e-01
2.604510611226711347e-01,-1.427213606803401369e-01
3.314222277572544395e-01,7.968984492246122819e-02
3.703730410661604244e-01,-3.291145572786393636e-01
4.035717696742404659e-01,-4.326663331665833168e-01
2.795295268776025743e-01,-2.746373186593298321e-02
3.815494982378870303e-01,7.370185092546274186e-01
3.078935816231809786e-01,4.938969484742371518e-01
2.213778458028632656e-01,7.847423711855928685e-01
3.309553381080976853e-01,5.416208104052026018e-01
4.150733630105206129e-01,-3.921460730365182723e-01
3.857459688835926381e-01,-6.145572786393196374e-01
3.513618791393203211e-01,5.497248624312157661e-01
2.806117071072044555e-01,5.254127063531767172e-01
3.348754421498302269e-01,7.766383191595799262e-01
3.259369394263849085e-01,7.649324662331166147e-01
2.621065004484616767e-01,2.039519759879940830e-01
3.612554083151080508e-01,1.193096548274136248e-01
3.835827838973255299e-01,5.425212606303152496e-01
3.990551263468853360e-01,-2.993996998499249829e-01
3.551001836752766816e-01,-4.155577788894447289e-01
3.100191319085001673e-01,-2.116058029014500352e-02
3.343674598038844370e-01,6.289644822411205594e-01
3.290639524405878369e-01,6.613806903451725505e-01
3.304052971915547032e-01,7.460230115057530087e-01
2.972199761217965142e-01,-6.487743871935968132e-01
4.051467191884410290e-01,-9.454727363681802998e-03
3.224067183297299466e-01,5.263131565782891430e-01
2.857251364496372625e-01,6.838919459729865258e-01
2.856831140355705623e-01,4.659829914957479557e-01
3.021871966555256250e-01,-3.174087043521760521e-01
3.065609209746381625e-01,9.454727363681914021e-03
3.624482049910725534e-01,-6.046523261630816215e-01
2.691384154857320299e-01,-1.625312656328163907e-01
2.631762989166355204e-01,-1.760380190095047759e-01
3.824574209133160818e-01,-7.595297648824412828e-01
3.247216415740146744e-01,6.708354177088549086e-02
2.959377732415628959e-01,6.775887943971986571e-01
2.716337219070413811e-01,1.328164082041020100e-01
4.171082947846701527e-01,4.547273636818416342e-02
3.782159115207667788e-01,6.271635817908954857e-01
3.882143006662063245e-01,1.445222611305653215e-01
3.346180379357813206e-01,1.634317158579289275e-01
2.589697195555721310e-01,2.480740370185093857e-01
2.762155082400210016e-01,4.965982991495748733e-01
3.147464197703647715e-01,1.652326163081540011e-01
3.282508588829151641e-01,-7.622311155577788933e-01
3.657895716437016276e-01,4.920960480240120782e-01
3.449146301476144760e-01,8.239119559779894963e-02
2.966393346383628948e-01,-6.505752876438218868e-01
2.999734174790626984e-01,7.442221110555277130e-01
3.970339970276661745e-01,-4.362681340670335195e-01
3.491721339438801919e-01,1.715357678839420918e-01
3.317565365382740827e-01,-6.694847423711856038e-01
3.771833989308744362e-01,-2.206103051525765135e-02
3.401451420495774092e-01,-4.992996498249124837e-01
3.349949143146422892e-01,3.556778389194603651e-02
4.118076076034931643e-01,3.570285142571286707e-01
3.352435745340732187e-01,6.577788894447224033e-01
2.718095190309883780e-01,8.027513756878440487e-01
3.117631139147756247e-01,-3.147073536768384416e-01
2.792427236777482169e-01,7.428714357178589633e-02
3.237714363091408476e-01,-9.409704852426215016e-02
2.504695018243439653e-01,-5.551275637818908759e-01
3.105237375850098402e-01,4.731865932966484722e-01
3.170165307375190089e-01,-7.653826913456729386e-03
2.835569104625701997e-01,7.541270635317659510e-01
3.885539069129830825e-01,2.588794397198600494e-01
3.532875050614589507e-01,1.229114557278639941e-01
3.175637298573723011e-01,-6.127563781890945638e-01
3.078806456053217455e-01,8.945972986493248014e-01
3.587783698730492299e-01,8.108554277138569910e-01
3.092180440243919026e-01,7.676338169084543361e-01
2.971882114011304976e-01,-4.722861430715357689e-01
3.550261148908527287e-01,7.973486743371686059e-01
3.680227823212233740e-01,7.217108554277139598e-01
3.228170003445372527e-01,7.172086043021511648e-01
